-203.53197241297434
-224.22104897156768
-220.59065069866998
-218.77796705277754
-201.00929124996995
-196.24755105944428
-172.793431503213
-170.30502686459354
-167.54620870799855
-163.41244719064724
-157.43287686743295
-148.26251086046216
-149.7525596882394
-143.27049027878584
-141.569060008773
-133.37115194871288
-125.79771990709365
-120.90856810829155
-121.99819715713609
-116.6707561465752
-113.84081824190616
-112.12512294768486
-108.45661316230375
-106.90411071219658
-108.2063703964108
-105.46467332213743
-102.3248431059346
-98.54950149803999
-96.67119744498942
-92.79528241555991
-90.41239705661629
-88.18440649069811
-84.58664615224669
-82.6353689913395
-81.23187226724232
-81.19346889333953
-82.48099131787768
-80.69662574588071
-82.13660937141083
-83.0319989105194
-81.29492393895138
-80.29954792932372
-78.72380537929591
-77.03457726688126
-78.08699178352795
-76.85168378569585
-75.89015544542403
-74.26287091612745
-75.18133730036365
-73.86920797428179
-74.49753831269203
-73.66023377870528
-73.0831681844333
-74.20978637087185
-74.78827176087
-73.20011216038809
-72.13991276111825
-72.38231835024622
-71.62128229836213
-71.98916207169562
-70.80075636439014
-69.46670716127484
-69.86070145052133
-70.0669400846239
-70.68717067209015
-69.76428681449092
-68.80249094594555
-67.55859765425147
-66.46176206260233
-65.23872535286047
-64.17180711945933
-63.16708218013511
-62.195664726934886
-61.18631883311216
-61.75375504978119
-60.91149901884623
-60.18159244881179
-60.61238243976051
-59.76839791828173
-60.240696232661165
-60.93009410790387
-60.088933585827675
-59.36576603999511
-59.98134271414866
-60.34960803412098
-59.59138344821863
-58.6157846327175
-59.03408447638025
-58.36119283124222
-58.81562014935023
-58.221889944088474
-57.491914718770055
-56.64057767758571
-55.97904611221186
-55.079647342219374
-55.68003860863228
-55.16573766835081
-54.44381649031426
-54.87476822704652
-55.25195491904418
-53.33311825621519
-50.575652060797545
-48.3717492965745
-47.31142060410557
-45.88966581649507
-43.90437048671761
-43.32372662440171
-42.61992298122991
-41.98562257747321
-40.803441985049204
-39.73509988563134
-39.08817121252632
-37.297646238002464
-36.697424230888075
-36.363278193848465
-36.09094818942658
-36.01665676068674
-35.394789212120706
-35.06587851483982
-34.85446623030593
-35.25026428915662
-35.23973191864567
-35.95266071449876
-35.15528159617708
-34.72033561071598
-34.20828603367278
-35.00615780446556
-34.90395092775002
-34.31316384643759
-35.656062436100314
-35.3041911122559
-35.1858517523091
-35.45316144615191
-35.24888180851696
-34.83603955997211
-34.02365267255367
-32.63652584065886
-32.16634211034924
-30.521436400704182
-28.899614899301096
-28.670307760538787
-28.18857090402439
-28.80042858701971
-28.565872672678434
-29.39509901356531
-29.997060274334313
-29.546291329058718
-29.367967709246724
-29.127441567084652
-30.058726115382157
-29.555389723810258
-29.046267265218443
-29.352383252005882
-28.917034006457367
-29.16374542359894
-29.007475258964504
-29.996816120632708
-30.28930493805349
-31.03125387651745
-29.935964388320247
-32.02974244189377
-32.032369150840225
-31.93670488221986
-30.48950787191614
-30.597856366251225
-31.070806648272338
-31.990715177777414
-31.83884897115394
-32.75925192808387
-32.641860793786
-32.61845460110573
-33.97492754713039
-34.47537712425515
-35.38197101639542
-35.435645400553284
-35.52936956028225
-36.31045250998691
-36.80934425339234
-37.682694679504586
-36.53122408225402
-35.21007939367435
-36.11675466045861
-35.25064601566287
-33.6382769857636
-32.5018998942114
-33.367741877722075
-33.526269646683986
-33.31396830940763
-34.21801988771921
-34.65938855816811
-34.325029663988374
-35.827368202953735
-36.20072081918312
-36.759975082999034
-36.96332602270362
-37.42545322418362
-38.79816320714471
-38.789596953041595
-39.712982960021876
-38.63525192175259
-40.06758086450082
-40.24299045154053
-41.79008254215532
-41.4045147600172
-41.01063775897449
-40.86809129210661
-42.35474188329989
-41.36193813410568
-40.374199391601046
-41.32797472009557
-41.965606668136644
-42.71889990997998
-43.56772742558383
-44.579812668000805
-45.34868070754293
-45.88476415393254
-47.009033108861146
-47.17654490861073
-45.76425310219081
-46.04068821601388
-45.81074191543167
-45.44596589034262
-44.09461354615448
-44.11147256364566
-42.68539620891369
-43.39610160100502
-43.88369811670789
-43.80680757519928
-43.92857820768786
-43.892929443374285
-45.70724300489658
-46.495009151588505
-46.22790406484137
-45.99539789339736
-45.80656122804602
-46.137542169668706
-47.35838375510694
-47.25631124840827
-48.857803115608576
-49.015982578141035
-48.88338136951447
-49.46485709337415
-48.51526926110618
-48.39338850162755
-46.68660090105196
-45.79405864454291
-46.27920728054292
-46.37422124213484
-45.39259385030369
-44.52140823013259
-45.0574458134223
-45.106378352422134
-45.19520706552761
-45.01084899895416
-44.39886205794115
-44.564765119473314
-44.08625817481739
-43.722783215134676
-42.58222672029976
-43.793917877360265
-41.300036642693115
-42.159210485677846
-40.98413554080876
-43.644663129628725
-42.005589652849245
-42.18338108486016
-42.02846782841385
-43.181455945236124
-42.529185084759945
-43.84436056192008
-43.53954087788705
-42.877396585993736
-41.840946809771246
-42.13586134880504
-41.14467083052078
-41.47257085711904
-41.44320704120171
-39.885470827363726
-40.580711266374976
-40.493081467190244
-41.57903450815493
-41.65816290142286
-43.1338905007913
-44.624976357918584
-46.07435367417293
-46.27178187706039
-47.22573335759816
-47.13725556256964
-47.7794707603182
-46.82976570832221
-47.9300059116902
-47.21187235630434
-46.97207842990406
-46.30678272238048
-46.11291959930789
-45.37629388545646
-43.57037229729977
-43.910124310027975
-41.75551223409516
-43.32590224447096
-42.10862309833718
-41.95051984217901
-42.12031170089601
-42.5414023454801
-42.85308908292966
-43.95213354057612
-43.423637792232846
-43.38371681111432
-42.995777544348954
-41.869871717428076
-40.80620344713051
-40.186436820682815
-39.18961427903767
-39.083923805268256
-37.05934312320485
-37.413082832731845
-36.05767088987938
-35.172600126841054
-36.308518803023986
-35.90264153292202
-34.918326278689044
-34.49849228771526
-35.73718617124588
-35.531532462091015
-37.162287677110086
-36.41998978982729
-35.864269176744955
-36.1167866176783
-36.202228519011285
-35.39083579402454
-34.56070676681675
-34.381001952290696
-34.78013890244111
-34.91636336321083
-36.66058589345631
-36.54099662793374
-35.76657704668926
-36.30672451037553
-34.910486811194126
-35.6063554836942
-36.44950607106777
-37.191701542358686
-38.47736210923385
-38.48289432095693
-39.17532589297982
-39.02677479359461
-39.10879456975747
-39.48426008294278
-39.336231222705266
-39.95137776868079
-39.54043529116709
-39.63848898158513
-38.609726766990356
-39.65047678086368
-40.02875279340921
-40.83205325926575
-41.06498571700288
-40.450752982639884
-41.58559512304427
-42.023083065132106
-42.3260622624214
-42.979044076651135
-42.94953441909205
-41.414166251425094
-42.005815936621374
-40.94435422573678
-40.437698622927336
-39.33488481406309
-38.99790164461617
-37.436120817499706
-37.49578034882075
-36.60018520018422
-36.981340136244654
-36.91465974051831
-37.36878963676158
-37.77447056576617
-37.16709419233266
-39.360465589306045
-37.511874652730015
-37.518147588892774
-36.49133698359345
-35.78687587679783
-35.53702800323445
-35.52126502495899
-34.19539010769146
-33.74267603140567
-32.53901182404743
-32.80106117437845
-30.997999871597184
-30.507570403205847
-29.565205553621585
-29.624565941060304
-30.451611776176595
-30.79542688249407
-31.803149509374713
-30.822167465406118
-32.508454330217866
-32.791327653528924
-33.856340746403596
-32.91966340303722
-32.51476114635388
-32.41357064471472
-31.987178887781514
-30.58596845043743
-30.64815428239734
-30.12604864368871
-29.36158482853542
-29.417579607340677
-32.17092361155131
-32.953922034922314
-33.156178446332454
-32.91165861002874
-32.812846156413094
-32.542859103197664
-32.92754551678054
-33.11857901915262
-33.12833983460712
-35.64643880994992
-36.21824683748629
-202.63560990549658
-167.47336754219424
-301.78409547825885
-266.2782762981674
-238.93665571679853
-213.59696914465812
-208.85326942701613
-266.305498123162
-291.78667946633504
-309.48930337379636
-317.42626722390975
-311.8303037283243
-342.609382229333
-343.4666335758432
-342.1591724518907
-334.7800690275061
-320.37888326698805
-311.83024290545563
-305.28270922844536
-294.86630190285905
-288.3511859907693
-280.6846104830181
-276.8656419737989
-274.30589765391346
-272.8558329227185
-268.06531534566733
-265.18943351574717
-259.76669062911793
-254.4729128513591
-253.30327128791572
-249.6145870659217
-246.55897012322265
-244.05792483739887
-241.1250071036433
-237.71615172956766
-234.08781151558912
-230.15415026144836
-227.21779899938542
-224.56767705439088
-224.7905729195364
-222.47789269481544
-220.64779955852913
-216.64790439802692
-214.77982674196792
-210.32213370764524
-208.34581815550487
-206.83767116717624
-207.10246591464372
-205.55621498402778
-204.04151111544326
-202.20930054492996
-200.64475978804305
-199.71045687121858
-198.68292325142804
-197.72391464869136
-196.82557614286472
-195.78759935237272
-194.63140610188623
-193.84703270826978
-192.99284917240965
-192.37794319158232
-191.09996141603392
-191.5245119397891
-190.15706373452937
-189.55954708778964
-188.25833508804735
-187.8343316001385
-188.45691944580017
-186.9871912521786
-187.57427994578345
-186.77004677008597
-187.35135724276603
-187.14360575674365
-186.4088302619263
-185.4672164425399
-185.00247986566038
-184.6928204032117
-184.18070254019807
-184.0368021506586
-183.56780006479192
-182.43479936139664
-180.85004841636518
-181.1326148758275
-181.48229587090714
-180.96822367885852
-180.59867376455566
-179.95850629053783
-179.65816333658606
-178.70553616073676
-178.33980955761993
-179.0642152420292
-179.9064948118541
-179.06217763266528
-177.35492285972126
-176.84562595251177
-175.70291275519585
-174.79603626570446
-174.72363519354056
-173.8741830905525
-173.13877161160713
-172.41539755244006
-172.02830056552682
-167.80177421463938
-168.9314625675427
-168.60576072467254
-168.79037929141745
-167.26175264280616
-161.81008313453378
-157.6458835477485
-153.7663578164499
-150.30661437266835
-148.79442792277905
-143.3082051721343
-140.59693570900595
-138.0326852004306
-136.70968081782058
-136.69605356024573
-136.02157791956145
-134.37161966051335
-134.30812957820962
-133.4294060557619
-133.04848074814387
-134.94521938633312
-133.4614775963486
-131.5306471427679
-131.25603972268155
-129.96247151998332
-129.76269305639326
-129.6550527286573
-128.31724125640537
-127.91410719839776
-127.11114746093178
-126.04572312318673
-125.14598923037582
-124.69843403299352
-123.92080774076554
-125.19272794878023
-124.73053220690227
-124.02799885013577
-122.70083697450595
-122.53374962774545
-122.26152966314763
-122.24208961647817
-123.22243623213815
-124.04912855876975
-123.36934791009394
-122.93097448162602
-122.98186955889399
-122.70211937012026
-121.91491312766207
-121.95832796454859
-121.34087657772423
-120.58813040594688
-120.8013258659143
-120.58775066588896
-120.06842339189889
-119.3348320729998
-118.89321475835968
-118.04251779361242
-120.56690216740833
-126.5957495516382
-126.88969244387265
-125.34120719690704
-130.58656226116912
-130.09248192049222
-129.68114381007655
-131.97994349844257
-132.12547601617908
-132.36275713688178
-130.9724787059146
-131.1986373934186
-131.6360833796809
-131.03156421872265
-132.21991699338713
-39.35758744974417
-56.76121754549496
-105.38891591313323
-85.13247183777783
-93.0164620432329
-78.03132511667864
-68.68331149466768
-59.87115015175219
-51.42135407300572
-59.27339763761243
-54.543174390247685
-51.97409248500651
-46.912102353358065
-46.11800442756728
-43.6773203736857
-41.428777486995834
-40.647883707786626
-39.011137448466975
-38.4496807950216
-36.86893994531903
-34.506676029254834
-33.238139158847034
-30.819526550732007
-29.90721114293829
-30.299184633734743
-28.20654779353813
-27.332054289131932
-26.66361319119361
-30.885341020150918
-31.169042600349673
-30.34761031687029
-31.000612649654585
-32.16782867717595
-32.27238499420569
-33.05746383335583
-35.022493500419124
-35.37810302340022
-37.07716465839631
-40.22323367223961
-39.550763829837095
-41.11662935953903
-44.116785218602715
-42.16566179878841
-41.24640209862144
-40.30277238848287
-39.55457927510164
-38.40112668648244
-37.32126326363201
-36.59026843656329
-37.38121908570891
-37.515930149946385
-37.67789642997316
-37.07197410409008
-36.50930717790976
-37.64283374492532
-36.85425815190895
-36.34862300705013
-35.75524703682332
-35.20190361052501
-36.36212977070181
-36.32890386798593
-37.543558896555766
-38.626158756027245
-39.30215729991753
-38.740908036669026
-40.05752433981414
-40.86626296472973
-40.32911427621767
-39.69086848452437
-41.729506627238614
-41.0504378089188
-40.57621068736866
-40.28756062972621
-39.638753372660354
-39.222698901585005
-38.6840122203346
-39.355895455264836
-38.8703227176864
-38.1338053156916
-37.63095055666052
-37.17712773849144
-36.644483713913225
-36.16636342661799
-36.954939012419025
-36.294692168980575
-35.78742944361746
-35.40910798092335
-35.25414659569307
-34.91929650419798
-35.468115850434245
-34.94711047321516
-35.65553698078263
-36.37288446073174
-36.975004899299584
-36.432703499522894
-36.02190232969638
-36.61674909955632
-36.24516517764021
-36.95419049659157
-37.53544202699502
-36.922180926270876
-35.93327655391383
-35.35800013970237
-36.516451891510386
-35.15338264863331
-35.078712462416135
-34.830697621907646
-34.70348192276338
-34.688421846159805
-33.776448589487245
-33.7669631855723
-33.35592825319068
-33.644402040945565
-33.12370457539138
-33.162709811254125
-34.46311416841588
-34.140818339436805
-34.019811368467714
-34.13792263815491
-34.95322065129175
-34.917263111117165
-35.08271416807049
-35.98567788080255
-36.02758337898026
-35.61407336573397
-36.66715950416173
-37.02627475916335
-38.24653312273482
-37.099572971641216
-37.963839498441935
-38.32337595635701
-37.87035596709278
-37.27622268788024
-36.781075545797755
-36.06290696563506
-35.0636937886003
-34.44344508968984
-34.90583224803277
-33.75237100463412
-33.57052661021697
-32.533284533095504
-31.7143771135373
-32.94784878110739
-33.19932923604246
-33.8698795534063
-34.3490414839903
-34.330777396955305
-35.699447373580604
-35.508681623852816
-35.488041886687704
-35.77825997765279
-35.656351865621005
-35.93949646993599
-36.34401284949844
-35.8178161330285
-36.09571312022525
-35.74144925456883
-35.990236111440076
-35.67046682476321
-35.9285025099999
-35.93925717389407
-135.21279487262814
-114.17821535778478
-93.50310849494082
-79.71701007784255
-63.797582967386404
-60.22443109280022
-53.435639954535816
-69.6869237486539
-62.31751694074093
-64.98209466747576
-68.57603832280444
-65.8072416323677
-65.13723873593358
-61.35963377969948
-60.544092737865476
-59.584723815526324
-62.475969856245484
-60.21144385966839
-58.939438509272975
-57.27138779414994
-56.64038130109699
-60.16301662193075
-58.11516693482849
-58.809857859498926
-62.48473555080103
-62.58517279255245
-62.17111876802441
-62.83888990952387
-62.136072465494415
-61.325560474843165
-62.8089550690896
-62.56249336204251
-63.42399942080815
-61.00514450408888
-59.7254110567566
-58.15312856811735
-57.445509130042694
-56.203495717357235
-57.58724604269895
-59.43085890752786
-58.05394859393729
-59.09524976339174
-57.856539679325905
-57.9721895389692
-56.81876430250551
-56.774172510753445
-55.9976880713604
-55.193871745134196
-54.69481972883069
-54.40274245657303
-55.89801745403289
-57.13453962900232
-56.12732973993612
-55.056697425978804
-54.78262790873058
-53.88523374893644
-53.639532686052945
-54.74452987466709
-53.729762925742776
-54.08407193101272
-55.63293088878728
-54.177770315644224
-53.63862312001315
-53.24636041608716
-53.024361985705596
-53.211513545782935
-53.390417145324456
-52.62066738214622
-52.97585175047223
-53.755185734749624
-53.55924167818511
-53.22315979023199
-53.57996431036135
-53.042123187324044
-52.41330435554053
-52.291645687720845
-51.60275029169562
-51.829700277879205
-52.39142057183421
-54.16229002697362
-54.04040786079905
-54.88587979797283
-54.870392575094854
-54.87673045588235
-54.99527594520336
-54.720274988208445
-54.78041569864054
-54.310953074555364
-54.34058378307709
-53.812255811832124
-53.29133406026141
-53.39050165864654
-53.26869214178901
-53.172276405367434
-52.55511820306497
-51.96163931435377
-51.779092138152095
-51.328584375465844
-51.98314792980186
-52.00596497458484
-50.78355336431585
-50.19188466892703
-50.41992544607754
-50.612572360116104
-50.697586446396
-50.82299392726142
-50.64896383155954
-49.93134295314411
-50.366853290368475
-49.371688750408566
-49.01141554425321
-49.64588094141328
-49.519586754531616
-49.4855043153268
-49.54163806350707
-49.137744806747435
-48.36718201691237
-49.60096370045982
-49.69095899085406
-50.51943919448301
-50.707865165041206
-49.94872310254608
-49.68775070359142
-48.97182464570755
-47.63999443196145
-47.51384921707443
-47.01265695931881
-47.39730142570509
-46.99498150219237
-47.268726738363945
-46.58853368711275
-46.34950827426769
-45.78521121425197
-45.79659534502037
-45.90310987692091
-47.052346476796956
-46.94419057544796
-47.969039255137474
-47.86387419314194
-47.73648588013543
-47.71733247781471
-47.70612365453037
-47.98462735908594
-47.98713715473732
-48.6692397043467
-49.19184133748151
-48.54354843113842
-49.014257529904064
-48.95306296648865
-48.45393917441954
-47.65376988088749
-47.03294642121069
-124.28788868993314
-94.51111178434553
-62.43929414841753
-59.90220848791504
-50.768587755292096
-39.8534949242824
-41.00192338675994
-36.30935575980183
-37.67044022926074
-33.924212745841224
-30.09909969373406
-37.16653811957348
-48.82296900602758
-52.52352937364922
-49.000571462740034
-46.548414234166884
-45.43222869921187
-56.804148849622514
-54.881066775797294
-57.333761639702445
-55.28292597272995
-57.65616213140593
-64.7847799563945
-66.70915684722674
-64.71044679294202
-62.63934441604393
-68.57649721605615
-71.53290876584165
-69.73821522089844
-67.34670074330664
-65.21105320456547
-63.96409358052205
-62.306473741984384
-62.866652549245856
-63.42930768151431
-62.92928130615943
-63.05834482724371
-66.10261372034518
-66.91720750091513
-64.79275937074016
-64.33192294994537
-65.34562351074104
-67.71578197472324
-68.02285666424928
-69.24504318993648
-69.58560990627835
-70.7019134495135
-68.69639181065081
-67.99982139484416
-69.05281309292369
-69.40888083289383
-69.13881214724805
-69.45023308781195
-69.35521993663436
-68.84383287622519
-67.46148680214124
-66.17020714373953
-66.13363024159018
-66.4012000181468
-65.47169200805344
-67.07873763220303
-68.32637088311769
-69.37310195392516
-68.5699464312145
-67.45712527046697
-67.13921325070399
-66.2186676151424
-66.06681353234032
-67.86604763364821
-68.58863422083805
-69.09070088176476
-68.39156415078018
-67.34703894263478
-66.50650342383636
-66.94142657407897
-67.88940896468411
-67.01420427323536
-66.83323547539551
-66.11713439295347
-67.40696579514452
-67.39958473641069
-66.73929251330931
-66.7334867481031
-65.87479457079793
-66.40349963295458
-66.82247245047301
-66.38817833171852
-66.90702642914897
-66.93191533253841
-67.75310678793517
-68.39035360085074
-69.14589123401231
-68.4761513497655
-69.02149040904456
-70.24843442096756
-70.15955446997779
-70.69201056434918
-69.0531019561713
-68.99198483504468
-69.42716101609223
-68.06421979085054
-68.20125534193255
-68.2888346109086
-68.85582307378421
-69.89580629083557
-72.13885777892548
-73.10316778230307
-73.59740947288678
-74.19212570984452
-75.95083610514385
-76.88087902363958
-75.68289927783006
-73.76365665150824
-72.82747836039148
-73.69619232363397
-74.3528438591591
-74.97918805259509
-73.28063917838944
-74.11158997744492
-73.70779029239284
-74.68012443245651
-74.24883248826113
-72.66889613677586
-72.5930716109453
-72.51250347987622
-39.75926183025326
-118.22031352966633
-104.8059468010349
-88.59253949856739
-100.66669040153549
-104.222900647899
-114.66456004120752
-101.72733341350528
-105.08057291585142
-97.59223407391049
-88.74364511294449
-87.432715153719
-80.99471405834737
-83.1455780000979
-87.72761923757356
-83.83249253620531
-80.08772696732768
-83.75600518807657
-84.66241249426572
-81.8518677802422
-80.94967838202419
-78.19818013676776
-80.4264447652761
-81.28831877164758
-78.87012683489118
-79.69226572967364
-80.48961865374467
-83.1589584484814
-82.45580888405914
-82.86812421739158
-80.04920791240141
-77.68927842682172
-79.82633560627323
-80.82490331727381
-79.61634336929146
-78.94644131808352
-77.66255625956953
-76.92055246441954
-75.08164246795653
-73.12939406709546
-73.97366114957127
-72.77736406949914
-70.60698512013597
-71.71588886771514
-73.13333007214362
-71.74682286993458
-72.62764988155952
-72.75344236629388
-72.11627197148094
-71.18496395511048
-69.86689031218553
-69.32211082679866
-68.24292044156302
-67.02629377948999
-68.15125956877908
-70.21595613678993
-69.0181685542291
-70.04289801428563
-68.99729025237184
-68.13310595130382
-69.82544885890552
-69.55897464849834
-69.26588974472547
-69.02142889008128
-68.20539424790954
-67.56254464269819
-67.3436730077698
-66.70484536521153
-67.06485803618833
-66.9156972831216
-67.47711292778494
-65.6429658015618
-64.99383316029063
-65.60970376127355
-64.72055077463602
-64.19429861941212
-62.648224989625355
-62.33273795426974
-62.34710081901255
-61.56969680946342
-62.047458077985944
-61.52555538924936
-63.22757634321442
-62.66113469605335
-62.41072171315455
-61.87458000399892
-61.218597447477094
-60.8955919347524
-60.25104386927439
-59.85002919963286
-59.685047346715024
-59.543036484216124
-58.95672568306878
-58.3592420074712
-57.86471442163408
-57.03782588906273
-57.59193494388675
-57.06725336224196
-56.57300864091859
-57.10867710711474
-57.517722544632235
-56.87062244880913
-57.248146904886966
-57.39528756378447
-56.101903200348204
-56.1208133347135
-56.037867213280904
-57.68990849162101
-57.4547903709783
-57.062523349358564
-57.41018474992452
-57.28694337280749
-58.03246686629055
-57.066515145449515
-55.56780661564591
-55.264467106406116
-55.828456501072694
-54.15485156110402
-54.06859036768189
-54.98898976287658
-55.48645023475576
-55.35510807490298
-54.47605121795872
-53.592229531455786
-53.701978179162225
-54.28978042187559
-53.20750838338341
-52.47654250975724
-52.34212512939539
-51.43944723219398
-52.795648989368374
-53.053901475564
-51.72623019719335
-50.936424161410066
-51.79350751603625
-51.94887355058268
-53.09071965567522
-53.961589207832866
-54.13687596342128
-54.562787046622304
-53.41329870540874
-53.7820694927088
-54.785110198640716
-54.139766282190855
-53.2048686542001
-53.11471806067395
-52.39821265463345
-51.956473921435474
-52.267382150108
-52.09319166022272
-52.97442217091715
-52.54561352097202
-54.64644101196948
-54.718341048597956
-53.99694812670944
-53.81831774820708
-54.87024166863411
-53.644073609728615
-55.0391227315573
-55.350683597852345
-55.048864172674264
-54.994470510417344
-54.571604767737064
-54.27370112763677
-53.76137132275357
-55.266044542798255
-55.459161974501
-55.59876959968678
-55.282252790821616
-54.658572894675515
-54.00392535989088
-54.98757491855758
-56.081599198954876
-54.99638852999391
-56.117604562251955
-57.58201003262932
-58.28468327698565
-58.96313674834722
-58.79219464282486
-59.27798608239946
-58.82345857780123
-58.68301222441282
-56.77815365381727
-56.12717403281994
-56.37119196220312
-57.74682100072618
-57.673952151776454
-58.15444515427499
-58.204574093762545
-57.99427820077563
-57.826363288188276
-57.24743742188802
-57.282508673975755
-57.276055915723475
-59.430851315928884
-60.67821910091021
-60.606331527544924
-61.19101078349087
-62.09117311327548
-62.11090381026761
-61.152914563805915
-61.06676879730176
-61.050986759051504
-61.72361357842019
-62.55962394176191
-61.54405420626976
-59.86839120295528
-58.98111847612241
-57.9064046824095
-57.750994782626286
-57.16176878600088
-56.80604894185259
-57.237121040132685
-57.55994519803896
-57.63564457754529
-58.70447150080661
-60.00645874833142
-60.069540934794844
-60.427476786810345
-59.1193649358602
-57.89331256896813
-59.037877045200204
-59.71348190872693
-60.63730211952448
-60.46762384617886
-59.078678831843426
-129.70385838055097
-95.49092385103506
-66.61992952585858
-53.78545561235024
-58.30308969635117
-68.62878622012657
-59.81488106014113
-63.44270999774687
-54.85936096290522
-48.784801553498156
-44.95184479664706
-40.28797634753429
-45.968634253176056
-43.75214069038306
-42.42372376367036
-46.25663201007876
-45.7651575737507
-47.1434038311867
-48.10770491247376
-54.73452568927753
-60.38072046666984
-59.31240734101018
-61.127893453029124
-59.57646207915972
-58.232734296988355
-57.09078513065497
-61.736514243550694
-60.64788225365221
-58.75028887664098
-58.04008148296429
-59.77100501819745
-58.331521250219005
-137.8300423623833
-91.27919355352337
-93.23876122086428
-128.39205543235042
-141.5952275732384
-145.74913536847632
-135.416142357732
-136.14312848882804
-133.99786476917106
-121.86489550950702
-115.43826663781846
-106.56879017206232
-100.8430641504157
-100.07412230191309
-94.62302892443049
-99.50588431082811
-101.22230954888867
-104.5858135534888
-99.28339397792863
-94.35291887682385
-91.40305642843762
-91.9192637187166
-87.69623987581154
-86.5005575239984
-89.79587918083683
-90.44914350739845
-88.20269707584893
-85.6125476694847
-84.52843766912531
-82.56418915587861
-80.29289844349465
-81.74805851600082
-80.06095102307124
-77.43468389612443
-76.72235445705033
-77.22998259604668
-74.46528907455779
-74.50387676258985
-74.20653105773172
-72.58121571584759
-74.08560258889817
-73.09086163425661
-71.15016484487775
-69.3143774012313
-67.90523690553414
-68.75591910964725
-68.10971581860466
-67.0467217554176
-66.51399648732766
-65.88720455272009
-64.86617208334921
-63.83709803858858
-64.75597495011424
-63.141852098896656
-54.93095103926666
-73.84488577076856
-72.91176434376797
-100.89735083930252
-84.69162848372676
-74.42487171340623
-84.35420993490457
-77.95096833979798
-76.27252377830202
-79.90056540420086
-72.90230991936264
-68.60923916966918
-69.04727464083552
-73.59452750363901
-68.63665870592065
-70.71993362494175
-73.33143685782738
-72.29021372678679
-76.26357036796021
-75.94280248574455
-72.94010210739573
-69.61994023228084
-67.49737508097023
-67.33759404826506
-62.76580892793108
-64.55719125435276
-65.3889329674072
-66.20148278611615
-63.66495977502059
-62.49255374526218
-63.47039898300521
-61.704399778507636
-59.30826366753158
-59.71736690194153
-57.93203388247512
-56.43566525270954
-54.966472462209715
-53.428601480911496
-54.30257342876706
-52.67557674440768
-51.03914613100623
-50.29707190436296
-49.08601470160784
-47.81232423180338
-48.91858696728193
-47.59573984213287
-49.270986405586264
-51.0733561956445
-48.74165817079668
-64.93630596961584
-71.34110568883307
-66.34143087900254
-64.66349463335156
-59.21561013160471
-57.670901738476104
-57.03040706398169
-52.794261661034966
-51.86532524803297
-47.99380358625917
-44.33678877801666
-43.5959574287012
-40.92649781130202
-38.91910986274854
-37.94145700537116
-35.1383325651933
-33.47949266694439
-32.01538989502425
-30.778772431988035
-30.013499517189384
-34.980704029690415
-33.61080354712186
-33.05600266686509
-32.205618436544775
-31.29300106489268
-34.54568659543921
-34.275360353146596
-33.70276234836504
-32.89505053308561
-32.82324719888802
-31.61228956995781
-31.023972758991746
-33.15346584019155
-33.28686294599804
-35.23663249945998
-34.49702220243779
-33.560229860626826
-33.66978356088683
-35.57771068412676
-37.53971791780024
-37.069074063077075
-38.80631886497023
-38.00385525325715
-39.52744208783958
-41.05034247697201
-40.76514208701705
-42.11487477107937
-41.274738807571026
-42.69289846498486
-42.01860254263256
-41.624596345083646
-41.13991998853478
-40.43439083113272
-39.98145576806795
-39.69105733603971
-38.903360114709706
-39.1818042806338
-38.566788607339916
-37.89960583597624
-37.02206270541599
-36.170258345513254
-35.55292058218973
-35.63562520794571
-35.53029928608479
-34.897570426643384
-35.882012647521435
-36.9556519069613
-36.916725362827734
-36.45812324434354
-36.38696208290616
-35.898685708094085
-35.46030864592403
-35.729667386766806
-35.17710081018066
-34.776515802528465
-34.45167838861199
-33.97247219017254
-33.46357633636543
-34.37010923096831
-33.95308218773144
-33.7879369750298
-33.57527193922377
-33.32914650395188
-33.00646740822484
-32.75847895057408
-32.472268528817686
-32.46383435876075
-32.11888496733259
-31.93035140802112
-31.928331114358826
-31.437949126881104
-32.173855600272375
-31.926589614519447
-32.8294963147796
-33.79537421043698
-33.516301357853514
-33.304530676312936
-32.94397359188265
-32.63865888597351
-32.56931166212453
-31.75187793581584
-31.950013014578648
-32.47877934337874
-31.949283022371752
-31.683142167314962
-31.431516998553633
-31.289630724658522
-31.130651046349723
-30.654091174022973
-30.737757205373867
-31.766750885922193
-31.476630624717824
-31.347324122662343
-31.556419286560708
-31.418436685950823
-32.593286084459706
-32.62327593778109
-32.67521038904712
-32.6706750871935
-32.546060689555425
-31.33450265366595
-31.47743340097957
-31.471863159759454
-31.539962348208164
-32.55276445587326
-31.37150027478438
-32.15932706448466
-31.96159970627974
-32.18650837519503
-32.15161968347306
-32.20351497574167
-60.35965709616831
-45.0188455329127
-41.130842503397794
-34.017786798525435
-39.604712254279505
-34.77341934428658
-31.155087982108974
-33.78663488180547
-30.73611085510141
-36.40569738171716
-36.15543757213201
-35.91750647433555
-35.519379779261605
-33.77150087621756
-32.62259079557357
-30.73357943530835
-30.67561908765612
-28.99946538345567
-27.803864821622806
-25.589672368307745
-29.13227817606518
-28.065473379441496
-26.985165877052196
-26.192448257594645
-25.567255144877045
-24.750965778397017
-24.946180773860604
-25.602239177401113
-24.818798455156546
-24.48479047005698
-23.719735657370574
-23.279643500397555
-22.738568880538754
-22.006337091204667
-21.65034883813832
-21.121965049764995
-19.837945208751414
-19.31440965738325
-18.869206704168732
-18.500590786690577
-18.325265122109684
-18.119144037477298
-17.73082223427352
-17.71646537294244
-17.36918833650893
-16.914836005742668
-15.896637542955544
-16.162308020655626
-15.832926584829858
-15.743992028131059
-15.309639662301192
-15.082101942387672
-16.800837837396582
-18.370225985002687
-18.161743070061423
-18.002069386230097
-17.66447141090366
-17.378707184556507
-17.25338823011608
-18.665677428975222
-20.005870170559724
-21.28422216322438
-21.434265697224753
-21.140460345320804
-20.398820111028545
-20.110421359356977
-19.897876550453113
-21.180147750314738
-20.845309059171463
-22.15223408733129
-21.893399654719037
-21.653277407745904
-21.535818673292386
-21.240438731087274
-21.120163265047612
-20.991037587459918
-22.09620754159784
-21.81436885404524
-21.536318414263626
-22.66130589819537
-22.433504631776337
-22.15766728413729
-21.863737059373523
-21.87857571340494
-21.413061649722042
-21.21521054413031
-20.960861853189535
-20.748846884154762
-20.518442440992025
-20.592615921128182
-21.611477576249808
-21.24924402525486
-20.91734279307362
-20.758741771303058
-20.55534143020978
-21.393785433148935
-21.20748874349789
-20.946601369286604
-20.752243889781912
-20.520945975065832
-19.93215381399919
-19.71446822671723
-19.451450318396766
-19.442796973015
-18.90319264571765
-19.768571138646145
-19.749437164529034
-19.15233764539215
-19.193333096814232
-18.48401909148108
-18.163382075044016
-17.7682777091494
-17.566677435603815
-18.56850718765811
-18.47990320158858
-18.703385045383147
-18.336433599382133
-19.400414078733974
-19.342303919072197
-20.571114287560185
-19.37127446299577
-19.460304725803994
-19.546435757573178
-19.408461496856134
-19.57102553103336
-19.613359570798302
-19.42844632497798
-19.16653434603016
-19.15015384377157
-20.188333596160632
-20.495722351915525
-20.59266136791381
-20.686603078198065
-20.79028396733581
-21.796495817725845
-21.759544149433538
-22.23261556175402
-22.441218170194464
-22.52304845234011
-22.530888929688167
-22.545861524835413
-22.283366836839967
-22.501090547931984
-22.49494286584695
-22.679889025281877
-22.805696096162148
-23.309769935317004
-23.231273006753163
-23.594850602588416
-227.57837155788152
-272.38584464251835
-265.98974519803767
-282.5269696560804
-269.43293007199577
-186.7714921133395
-128.72720453139425
-146.774697159438
-109.80790784325048
-103.67164724026873
-117.36110258815427
-114.87450116508532
-100.20787908182322
-104.3716786387105
-95.03215746983778
-97.79540294645606
-98.16545626383117
-100.40931000942889
-93.02131835843726
-88.19029962051442
-87.41556383083898
-88.97762509867438
-90.47401919493745
-92.91503565929978
-95.60240619503764
-97.5530309778786
-99.43760358520322
-95.28516522391564
-96.69871465849737
-89.94234182552833
-86.9857819559754
-88.17066089984876
-90.24226828125306
-87.72761580569683
-88.96210203405273
-91.07663555042028
-87.24060148036591
-85.61906140105297
-83.0846428352877
-87.14378589301114
-87.215726850964
-88.27500859372272
-89.62539645703285
-88.18496631085964
-88.92044021065033
-90.01956049290622
-90.40339086023246
-89.4013153294808
-87.91582053038843
-88.65761853158901
-86.99561509542079
-85.14940795123185
-85.8483168566695
-86.5559288124555
-85.07381764449609
-83.50055784423566
-84.1079896404293
-84.27873276178775
-82.94202311734635
-81.29562410837005
-82.01278403765293
-80.52144086876716
-81.25436933737832
-79.095783760367
-80.1086492847905
-79.18188659781218
-77.66488468424623
-78.2396411675866
-78.4323661226336
-77.1625260186945
-78.86349691559391
-77.93121179880667
-77.17115827943846
-77.9566823856007
-78.22235464349393
-77.1603991661712
-78.02213851211654
-78.71057210643613
-78.63880399171872
-77.7597043957055
-78.30609647116766
-77.36924482256322
-78.181208691257
-77.24310641298975
-77.262646936273
-77.67330821914454
-77.84767166312398
-76.94621178787841
-76.35436320700386
-75.46568312559735
-75.6984692037953
-75.03452022812105
-74.32193854367151
-73.11919482625657
-73.46767066779154
-73.84453673693461
-73.84095828688115
-74.35290232305623
-73.50914905726856
-73.98729814078575
-74.37712051093703
-73.57612140191787
-72.81443927969575
-71.91588908685107
-72.27213847005375
-70.12234389781092
-69.78667754528064
-68.96902041588292
-69.95940232556856
-70.33232327206751
-69.71964816803434
-68.8683491698917
-69.97150511384748
-69.78979552131274
-69.81980040654909
-68.83220469002099
-67.56616773818126
-67.37211524001196
-67.6356521293848
-68.6301043353527
-67.72652138604775
-66.79425103355815
-66.8618823187218
-66.65627910023053
-65.28213130123054
-63.98313804162567
-62.64173118667714
-62.68724310615156
-62.238589407157036
-64.16510620705313
-65.11435185183443
-65.29658398418809
-63.82838749268694
-63.676175929490576
-63.34075649376219
-62.725440438520145
-62.96157818716038
-64.0386727505466
-64.11356449506323
-61.26247548309179
-61.459678345692055
-60.286723385199
-59.268040143715936
-59.97323950791491
-59.87926265998655
-58.40902139772501
-58.3506839372618
-58.875627370129784
-59.68641618557731
-59.355676998463565
-60.26215633073887
-60.91982097388569
-59.80899278007484
-58.74724150982136
-59.45727135819025
-59.64387984371969
-58.55631069469951
-58.5203947392363
-59.07924614207168
-60.04121669572483
-58.62603618123828
-59.7036254071475
-58.27791093481264
-58.639706235095844
-58.297625787439465
-57.861223714937424
-59.09954696159447
-59.164126640886
-58.44491615796564
-59.50279496314151
-58.84498309807796
-59.85026539967592
-59.764302308819175
-58.321897810343735
-58.313295705655584
-59.2424025598155
-58.96980313132115
-58.942201944538866
-59.48491961739792
-59.90364373728972
-58.556035444031885
-58.675451499282474
-58.61733695955865
-58.61175887023188
-57.8143269265985
-56.65150333317345
-56.746849958700274
-56.81074236531215
-56.81026637584347
-57.11269382802792
-57.17962844804145
-58.122885935411574
-59.24817632848616
-60.54599037675057
-59.50637893490681
-58.36948778428648
-58.909868157265585
-58.253399278214744
-59.27761948467247
-58.32025443265621
-56.84924521906679
-57.74190694934552
-58.0208709878211
-59.43209464950253
-58.462709980255084
-58.61261305175616
-59.060436954867335
-58.05733693904606
-58.24390802743024
-58.329044928239725
-57.243384284481735
-57.12922590809197
-56.22449487389771
-56.4604854417268
-57.69341848885869
-57.486525358344025
-59.047295905990616
-58.808091597551574
-58.358045901277954
-56.92172073336809
-57.35835458604625
-58.55966827868085
-58.53970101596988
-52.86947018170265
-149.34001821509156
-159.30515158875832
-172.695049411708
-155.71052583991496
-161.48656084952546
-146.82101091832766
-152.743051753753
-138.73025836123009
-126.60394215408114
-125.95528292297004
-115.8173252582336
-116.57290637354716
-107.56895298670543
-100.67522297346679
-95.73830779713785
-105.31575776818082
-108.23159506128532
-102.99475469251107
-103.74940592210972
-108.00965884516366
-102.77599045641837
-99.02173966670556
-101.08033035608042
-105.49082152620778
-115.15845482069723
-120.84821093942618
-122.58265373864982
-119.47857646591568
-116.12557762014909
-112.63953585777013
-113.92887379458568
-114.11599860811336
-110.51296091479473
-107.97841818388774
-109.43234028371205
-110.29645345249509
-110.04511545658993
-110.20896403571172
-112.53646068349413
-111.41627867652123
-110.44576432433352
-110.35429164075136
-108.00282535918868
-109.4504060114075
-109.69899031254276
-110.37191771390002
-108.84725620311353
-106.63261224066635
-106.81251533685116
-105.47311138321068
-105.5175603797101
-109.99109920942036
-109.3117713836543
-113.73775849262714
-116.15856066046561
-116.02244905845777
-118.55859895912316
-120.23164843041549
-122.8083477298082
-121.8497217656325
-122.75899520676634
-125.13823614060506
-128.29450052234165
-128.03008262844313
-128.65215875131327
-126.99926541286929
-128.2786200483083
-126.99361323312196
-129.4055034336884
-131.55988286984197
-129.68580931802197
-129.8212554489062
-130.7767953654312
-130.41697296654615
-127.83401088473416
-129.40529254149467
-127.77938942836387
-127.74305607491412
-127.43179785909464
-125.85733957764967
-124.35691217196732
-127.2754505072505
-127.39560708148689
-130.0193347940205
-127.23061577353839
-125.56896215674088
-125.33167874137703
-125.14979610645115
-124.76009785023118
-122.90234088509035
-122.53285546979765
-123.64385138281114
-123.09409383030128
-121.72572618539606
-121.65143518861358
-121.10317592314252
-122.96568406738193
-123.08877471895268
-122.84459655121562
-125.4025061808783
-124.29868447062907
-124.14987519049362
-123.09559565634852
-123.74487367233108
-122.74243122563595
-123.58993493460459
-122.76811108569109
-123.85381068357064
-124.7651642697684
-125.91550801491114
-128.87205123479197
-127.4917455213529
-128.69255180786433
-129.77565835904838
-131.24152065141524
-130.61878096441495
-131.69591419415693
-132.6620256329052
-135.26943760301663
-134.75042831040952
-300.47853921789704
-267.7203403404343
-278.0048192688573
-317.20593844867204
-364.40953412462295
-376.97554406848695
-348.8395458168723
-335.7949572749267
-315.5217822317836
-319.66583930871593
-299.7359684402283
-297.5215288429151
-281.1715222073721
-267.3073668070043
-256.07586399124546
-251.94841985666375
-255.49848532798413
-251.46449227057303
-244.32274780845867
-235.41389600745256
-228.01725023965727
-217.3418612074518
-206.4981311256974
-206.52622451902212
-205.82332753181566
-206.12241495837637
-198.61423548553742
-197.99405592726637
-193.5487683846337
-188.86494953331996
-191.9692269762117
-192.12430032729014
-194.5827862860246
-193.11185051080423
-187.8327756554589
-187.76687882387535
-184.20428484604943
-180.27253347330944
-178.42488130509193
-176.2905819068723
-176.8778421593912
-178.1827403192152
-176.1709858745588
-177.14456500481813
-176.24133516205973
-173.08359360838247
-172.47562718328126
-172.09654866251933
-171.7244183032222
-171.28246570181022
-171.83911113995796
-171.74368944843675
-173.8698377098946
-172.35507348425617
-171.0768051768976
-171.71913013084733
-168.663113312175
-168.92735784602638
-167.74848528345024
-165.41391381322939
-164.09339615856925
-161.29752060133464
-159.0960977093487
-158.29095257581142
-158.5951553617233
-157.6803172762247
-158.10276860832795
-157.46630694644762
-156.96815651935916
-154.67438931168238
-152.7411179027071
-153.12129944061252
-152.81017147735434
-152.12454380867518
-150.2758116552196
-150.4757465536413
-149.14425086176834
-149.24583817499226
-148.13544909251306
-148.02638042489534
-147.5636606101679
-146.11218290311925
-145.7325927694564
-144.52073855687624
-145.21603175572608
-144.82667403709402
-145.37686113417791
-145.62964639320526
-145.87507537309617
-145.26928120638303
-145.35421886718265
-145.65952694573178
-144.6152211267569
-143.79115839614008
-144.15022377047075
-143.96468028987644
-144.21842053033743
-144.17348016484783
-143.02880303910047
-143.5272339624587
-142.7242840231595
-140.4257090487953
-137.87085649263895
-135.47009798932018
-132.1169695528776
-128.24971130101704
-127.25935192844503
-126.8732879506009
-127.19033082008879
-125.45351300413982
-125.93098232204689
-124.16181302780652
-124.22420382092187
-125.28471515405549
-125.02638316585586
-123.95689111095548
-122.07614086848987
-122.72568675882786
-121.39696604264185
-122.16032885798788
-122.58180150197248
-123.59815955523183
-124.95694419259364
-124.29553019915934
-122.69603308155222
-121.4103925624782
-122.6037131353864
-121.67002580300122
-122.6918388297634
-123.71324419633078
-121.4554846811139
-119.69631545451958
-118.19191737414543
-117.74679369462734
-119.11259602222017
-118.12798289655564
-117.70470677129832
-119.41929218418909
-118.88206653982994
-119.46164449136049
-117.8623073918168
-115.75427777839882
-115.84099945949174
-114.05621516082347
-114.68940428212161
-114.73674719210145
-113.62883368377774
-112.99555387705186
-114.10160565216789
-114.08330215318509
-113.82106204443912
-113.5197812205633
-110.94821468300468
-111.91920897367974
-112.8181281484243
-113.20007917841498
-114.8148198100292
-114.2815620862045
-113.35445892749978
-113.7464832197733
-113.44372482481731
-114.20775694913895
-115.42151831545823
-115.74354978833473
-114.37593569367847
-114.85043795470689
-112.96060790925023
-113.35099062680378
-342.4974070920291
-200.87511134800042
-301.05387615732235
-324.17045644709015
-288.965214204862
-258.7818337518779
-238.77783153131364
-243.95690021015466
-257.8019711560007
-262.71075812681
-262.57036623675464
-302.76020087540763
-302.5957040324899
-292.14587821076015
-286.13486782809986
-274.3672662590873
-267.9830618513381
-264.04489124607403
-254.50377087620453
1.4660906482427665
-114.3673471064951
-175.6268945320761
-206.59031747376494
-218.52695872538965
-222.53359819016575
