-136.49721679533138
-134.29834513555926
-135.1116831550731
-229.88914069838975
-722.4732577470988
-609.9623011173884
-532.7674057908291
-513.7120155412406
-532.2575383895725
-591.5019815400058
-572.4940510582345
-544.0403805486993
-548.7624553314212
-548.1156938234601
-531.1485248902543
-520.6365158628807
-505.84532433128203
-488.04580214403603
-469.7279025523701
-462.4555998968707
-453.90791278754045
-441.1060972909963
-432.95406375501403
-425.93064337148235
-421.3202940983794
-416.9894204515339
-413.78279825039726
-410.0438019977836
-408.6091385174466
-405.537746008043
-399.70322282633003
-393.3407595136597
-385.0846491005429
-377.27645054043535
-370.6649982247088
-363.285096834296
-358.1769214704913
-350.5757852527307
-343.97614074969437
-336.88829546428616
-331.48908278562965
-325.82449416447304
-319.64228493927953
-314.4559769812759
-309.75795888915053
-305.77196745609314
-295.08477053695066
-290.0676096188295
-288.06079429459794
-284.8450843165223
-282.4263487839795
-280.7054086285911
-279.37528450926874
-274.5429170853345
-273.6369999905225
-270.87032713262244
-269.60780602794233
-268.1234313527518
-266.24276459733267
-263.2291395214661
-261.0310231171594
-259.8657139755918
-258.6528730049647
-256.06882810628645
-255.27728777811404
-254.1164382054927
-253.7450486965392
-251.64725582018278
-249.168280505777
-245.85653503494981
-244.97996140351333
-241.4148261408965
-238.37756802548427
-235.49181301665055
-232.74690158297366
-229.44733046157404
-226.36420129061474
-223.4343183574412
-220.95705203591947
-217.91216086406467
-216.7793151931006
-214.41590941854415
-211.9093701359035
-209.3892366374158
-206.8284539972066
-204.14147093882312
-201.42772174733943
-198.48252154270924
-195.8419386612574
-193.44040635273814
-190.84453747944357
-188.3545526998119
-187.9093836077966
-185.56244255348022
-185.59652099416252
-183.369414452515
-181.4727414945722
-179.06389762187902
-178.27112625948348
-175.87809395141798
-174.23453429088642
-172.62515150055034
-170.9065652342959
-165.20154689592607
-138.53851047644145
-135.6460437062022
-134.63730655081952
-131.62305892741168
-126.33720687611762
-113.72193957562759
-109.93577672418206
-107.16825179679687
-100.90919616614192
-95.08660308002584
-92.01029265556916
-89.06030249159565
-87.48735749258654
-86.49528850554805
-83.57830773805331
-86.62286351238407
-83.1251239299285
-79.42890335081714
-78.7850183108978
-77.13533393351412
-75.77413627112185
-75.23075795508737
-74.7555537355853
-73.7820308593986
-67.50486256223962
-65.87987325187629
-65.0250020520373
-64.96261227192821
-66.19712150477811
-66.22432931588929
-66.02242860757964
-66.73068421070607
-66.3232626563822
-67.29935947379099
-67.30557851581449
-70.1570361837465
-68.02013121585523
-67.10715740662604
-65.57914792788014
-64.23430326074333
-60.4806156390445
-58.967737173070766
-60.624534229553916
-60.99050269094937
-61.512104526584295
-60.04875219257804
-59.69229120312148
-55.863517570473675
-54.5802558678896
-52.02570440839888
-47.74387746503134
-44.0970911498068
-42.12978461646588
-40.586370244721685
-39.92137807101699
-39.146363202157374
-39.77783525396615
-36.59557248886772
-32.54167079701419
-28.900329071327505
-24.805031860910635
-21.029487056284875
-20.181074628012134
-18.766722726930677
-15.16323857660745
-12.844937122793102
-12.18214632173137
-10.413044345198053
-12.063512556598257
-11.363276364295576
-8.917637144617524
-9.914460276021748
-11.402622283033576
-10.945869277387144
-8.167645257481059
-7.322048062338415
-3.3610884946652737
-1.1509794914713332
0.08160928952283442
2.6547669825436646
1.051253130835631
0.821647406422661
0.9910084662907372
3.0273558158411817
4.277056273652424
6.4209032558112185
8.389263962938696
10.611556051136063
14.32432036728411
11.920253419625745
12.931391487789602
11.316488766018121
11.58267025498963
13.206437095430811
15.957032385655406
17.067313861814693
14.97941211451534
13.607011726872557
15.364807844959126
17.09261183848358
16.97798476569065
15.203083828263557
16.794054225729
20.265132741359825
24.427573814747202
22.79332120420457
25.05088021450832
26.57251407821716
28.748197490313263
27.99501693145322
30.516598372795787
32.85722258635428
36.72039579334701
39.71992934385618
40.39695893529009
46.60625280494812
47.01414245162725
47.10748625312185
51.54586043161166
54.450085331627704
58.70568840341719
61.05630488395288
66.07848175550856
67.78923850139556
65.2544291041804
69.53505847544808
70.05847210216369
71.06394316540229
74.17552476068641
77.81376131368796
79.06456940904172
83.50525077143696
86.81265269777263
90.95445665442118
91.9350423310732
97.88254929009533
99.05348379517716
101.98549189904068


-881.8752630502631
-621.1093900882552
-491.05800617755676
-517.0911363492153
-532.9912326989577
-529.1745881510107
-504.4768178241023
-539.5489799149085
-542.518856959282
-542.0851605817785
-748.3716349325715
-710.1778686956262
-699.0837594778709
-674.3919332353055
-645.2732668571966
-613.759899391719
-595.2122419645466
-576.991711130866
-560.9190952627049
-550.5402984018347
-541.5954088947121
-518.9275702471333
-499.87483404834023
-482.15400906059205
-472.70359540411647
-461.465153265013
-452.585753922817
-442.6924843088355
-427.9142046952074
-418.2113654321318
-406.946740079819
-397.85306117932834
-384.55794453634434
-374.7095852379307
-363.9004063202401
-356.3880871847221
-349.56047848698745
-342.98071682661566
-331.1005665270665
-323.99992420569765
-316.5715858993116
-309.2208224489574
-307.75199244216157
-303.1269891611296
-296.8349414337307
-290.5321826263272
-282.30748809102784
-278.61270415125324
-275.8734739551506
-266.694241143147
-263.8806082110637
-260.5047177250139
-258.30596813365867
-254.68424559316293
-251.79535681965353
-249.12734220067523
-243.6096634388103
-240.55303204574477
-238.00504806067255
-234.35352137854485
-229.95891896550356
-227.72919720478333
-225.9341683489818
-223.42222047065601
-221.74522328321189
-220.75224621552695
-214.33221337977142
-214.1302092838721
-212.58619185578567
-209.11092511452682
-204.0597100102806
-200.04778510731313
-198.2641050375233
-193.8543169065238
-193.16269904461282
-194.17122271146096
-193.1086249318723
-189.04034076587794
-188.536004732542
-187.49451074128095
-183.79132397169246
-182.8383809139733
-180.79269305744143
-178.39479389019255
-173.791421236036
-169.58339251223808
-167.21840644173432
-165.60030881691696
-163.4161182808081
-163.04065201283967
-163.41759284096747
-161.3010381640311
-157.0309787455491
-154.24527611914488
-152.55414613240865
-150.86959325686144
-148.07433395660192
-144.06797765617077
-145.0110010725349
-144.65576507682343
-137.25798014172616
-134.53914587930447
-133.73815782713683
-129.1497379871507
-124.43894632009356
-120.51966096256055
-118.04408679598625
-111.61526837385972
-103.8008325138974
-100.37395944181795
-70.43209330601996
-68.7382403379763
-64.99109221181361
-62.036631300554475
-60.72769718024315
-60.04122806149868
-61.38862590755155
-59.36453643424603
-58.42216259533897
-56.234399593147344
-57.36926090955133
-55.57664135065921
-56.07237319666543
-56.18303418301719
-51.53728976039329
-50.17799344354524
-52.177794807135434
-51.364542024120745
-52.9189705630075
-50.50048052883715
-47.92675147906305
-46.451127208186456
-44.81805194464267
-46.354986877507315
-43.68233034544778
-42.89078802682336
-40.268029832473765
-37.303028028948454
-40.50410991596684
-40.41262150647845
-43.1743565663726
-44.193865309970604
-42.496023892571465
-42.75156433333385
-43.74835397248512
-44.60079623010841
-46.090262184585335
-44.0469968058062
-42.495106474876366
-42.56552793472686
-42.022980908050506
-38.85138850172027
-34.94015878984183
-34.75761209546338
-34.685197628954555
-34.68961619570367
-33.0524507745684
-36.646580194129804
-36.08637885544
-36.6306843218563
-37.34203763409972
-38.58704686431176
-35.069765058991095
-34.60237799123593
-36.13106867597376
-35.21395450987257
-39.25680764741362
-37.667647845513706
-38.19121641689358
-38.42105766240953
-41.895811563135105
-44.455147998117255
-43.34193092838865
-45.56364421049621
-44.99385831729858
-40.730029966631356
-37.13196439854639
-39.046711853836726
-37.9388149677792
-37.61005920043619
-39.09664393743788
-38.96751196216908
-39.84315996440337
-37.493894425719894
-40.44492921997488
-42.3779085600132
-41.20754163034148
-41.44775374987942
-39.46887481223456
-35.244050590164086
-31.134249247765553
-31.441299569424153
-34.8468153899805
-37.12779462789545
-37.04769019206284
-37.608402273477516
-36.40269818403194
-38.792398795795364
-38.04780758336175
-38.89373104416583
-36.777856845268005
-34.57454757786449
-31.32344755813704
-27.643554189457955
-30.79660883972443
-29.220387728612554
-25.62026287429831
-23.743671426351316
-25.95739506514229
-23.956981944769833
-23.192271714420375
-22.921468894447706
-19.708181020029286
-23.64273671587297
-23.310515804546885
-20.07379582458097
-16.649452590699102
-15.92894772524948
-12.602301834020285
-13.051889069093455
-6.612762492935694
-7.833723091406158
-4.938654581505889
-2.5886182135887803
-10.058348637493653
-7.636451977311818
-4.279212507924379
-1.0482662943812224
0.7488276296632441
-0.7147894307483789
-3.5264859662339916
-4.630816364780467
-5.6539014499593305
-1.1703309418108765
-1.1915473727382915
0.7268437780736235
-2.611914116462019
-1.799412569473161
3.125185456189547
2.6824103549470752
4.96083497192563
8.542435089802668
11.083894262361682
15.304348215551109
19.458991624359722
23.38087868041407
26.286010279796557
25.476937646402153
24.813249530285145
25.571146722295158
28.02341223054829
25.778405864087468
22.364599710462777
24.892821064833107
25.378395072268187
29.105997093819433
27.323929212599854
33.95742001585996
34.208862730220005
37.783376771096634
39.46546277218363
44.33415964018871
44.026155713973324
46.217960575289105
49.09039073226671
52.27067800888033
54.575085697253236
55.20670713302177
59.50905679518203
59.6217340311217
61.731048655605726
63.232144288460816
61.92268929660464
62.45448778197506
63.604444922522745
62.18785860895306
59.91310280936493
59.283867847664624
57.69176985572982
60.8722445711011
61.02336679919163
60.339306751168344
60.44559600669972
60.526882936593864
61.39188746949556
61.0253646379244
61.56999406990113
62.56073439854572
59.92741159010611
57.83581019599401
55.886781963211554
55.64286535547672
59.37240881241812
60.23384919190467
59.946480492174715
63.14381438455361
61.28808825354101
63.417729215255804
67.15728299422045
68.58278443601228
68.06368756474399
69.27095308819506
68.93930530273774
68.34821445068383
75.10396102171859
75.16930437783621
74.56278233290983
74.4639607759492
76.21376852053177
75.71347879865371
71.41149194173222
72.59390307818029
70.92320826513438
77.78281385376815
78.25345231391131
78.38350600149073
79.98260107504495
82.23757096288064
82.91184340969917
86.89865020369486
85.41015341352457
87.76809208591769
86.71990458223028
87.79051046908516
91.48751310612295
91.88880111388401
92.87284625669527
89.78956372167144
89.86362234691525
93.19627654911166
96.53057679625731
94.72752894218857
96.44786682674328
96.24540482285671
97.8115483200517
97.47936019335982
97.32675444472925
100.1180904116255




-662.2551270348803
-557.082585348506
-546.9546968692904
-700.8190688008972
-686.919122341107
-653.9872810676984
-614.2819222390282
-610.686069039315
-676.4957252940375
-659.9782573025316
-691.2596668086
-700.6693518678235
-681.0869407875748
-651.4996863771606
-629.5773570042448
-613.9251305545872
-596.6858700380122
-598.2408333800598
-595.8531263699045
-601.6486550838787
-606.526968240463
-611.0562948506994
-606.0464665929283
-589.746664092405
-575.2888211533443
-566.3123098169937
-560.6925676573264
-560.1709401986126
-554.445784722588
-542.4621652023831
-534.0684302563106
-523.6756377258585
-515.5095408469924
-511.77954492207186
-504.18110981077865
-490.5417912631695
-479.9830484591861
-479.8114198846026
-473.3833297151444
-465.7238190342514
-457.78653962453177
-452.9378236969131
-445.26693133532365
-439.9140403381456
-433.1806865812103
-424.8461156004728
-415.5980739461672
-411.475058261137
-405.7873607856469
-400.42596949025625
-396.68257185180454
-390.69140373362814
-384.6592610562803
-378.254662172143
-371.51604882699843
-367.5904902239241
-362.82186824722413
-359.78315433975655
-358.1978790648595
-352.68941687680655
-346.4426769855341
-341.3702479020058
-339.207763116303
-335.9861928105595
-332.47528754233326
-332.1609964369406
-332.18737157582405
-327.9188716293307
-323.2701278158654
-320.01527741185686
-316.3755639275235
-313.70818656613415
-309.8777863987492
-307.4118499529979
-304.39686205668926
-301.74967883661935
-298.941508307095
-295.9538206022102
-293.6301176211888
-291.4231932760757
-289.22200816731703
-286.67294340734475
-285.9689110279802
-283.6277211955816
-283.3953347963951
-283.9628558798566
-281.4354800386095
-279.3206803800147
-280.19535789076
-277.6491873203348
-275.2115619976633
-276.9727888121138
-274.43079547525133
-271.73690910232455
-269.31177217269345
-267.2724718815734
-265.19541859894633
-263.0499043802745
-261.4868029916783
-259.15897095461605
-252.9018486346456
-249.55660420879138
-245.52792349726897
-235.38685942845453
-229.77027404959455
-225.47707646506475
-222.58387836785607
-216.8749985051177
-205.56121695080913
-200.75587002839382
-190.81732510008212
-182.83009463965283
-178.95534713213004
-177.34564290943982
-175.06944496342072
-171.98112399726494
-169.3705426659253
-163.72609212727247
-158.60862530144755
-151.81032028830762
-145.56124614408117
-138.76431919574372
-134.34596458809116
-132.2977455066434
-132.14048227772685
-128.8875518256281
-124.4302841679916
-120.11070594163851
-116.04095802747023
-114.28403704287877
-112.25895473071168
-112.80096584476705
-110.85607716415308
-107.70385973343849
-106.05082917152123
-106.52923448727489
-106.14010917006772
-104.259149827171
-102.21438102354787
-101.38988284078492
-98.39879627659236
-93.84113382478266
-93.67814406344732
-92.19036415486687
-91.97846854978883
-91.75566557226367
-92.48165037282337
-89.93110610873741
-89.65721011326936
-89.72712703701701
-87.9482519885172
-87.16961634871886
-84.4581295680054
-86.62943311184985
-86.66399505746072
-85.16839870590508
-84.09055633347478
-82.63805587744329
-80.97913031714069
-81.22681416337778
-79.81751940257132
-79.9005646684564
-75.66801552884029
-75.44308189816633
-74.72654558669562
-71.95071000829189
-69.40696666052715
-69.83405579129185
-70.71812858618365
-70.18353152202447
-69.04061520211016
-65.18876047878801
-64.26287138150546
-60.635472396661086
-60.03720847076763
-57.17677638928385
-56.15174467200983
-55.559009128366014
-53.18525765082966
-54.66686015096753
-51.79059797604054
-51.08587520604219
-46.88982292431302
-44.008085916498196
-39.20113727563744
-36.068890490844645
-33.571200207883294
-32.35689065140427
-28.736985417089965
-26.063318980386835
-25.615272382354597
-18.62590902949288
-18.024093478879085
-17.579112127932827
-17.319156715289292
-14.980874961862598
-12.094533110478736
-11.187826276451199
-8.792708462366106
-6.683163385950781
-4.606671156978054
-3.1525807719303827
-1.6624409904821373
-0.8491110049402464
-1.17452907554969
1.6593397462048107
2.7372309684917657
2.578220557454635
4.646657587796498
5.354029792534181
7.07611018471712
8.43290223775151
8.991937271777049
9.78042565335989
10.64130999608262
11.334800823739725
10.945951895790447
12.666897921573105
14.704902658952044
17.113551252495057
20.34413381009054
20.808397868630045
18.393615898548713
20.5160357124727
24.6648110276697
27.500822712502963
27.156453427765364
28.63756654931365
27.03264574856653
27.01976042834404
30.127999395107885
35.28086223428591
35.184782407029594
37.680425631391934
37.33688808700246
37.74980430554174
41.01630137719109
43.44563646389345
45.45015948582923
48.97819339096856
49.43292283836637
46.957027688628166
49.84644951329132
52.93632642323469
56.21153898606599
56.93343493831307
60.01658590454069
62.12358259904297
62.7226482842699
66.69112019663153
66.38473373933586
66.95350890379451
64.93462890531704
70.11074312787352
72.53495752210303
70.99269524061421
70.94675691712816
71.59734106577118
74.99907391886347
77.82299595678406
75.97146624872772
78.7808445951246
78.71055646688568
82.36227435201668
84.76725037776721
87.21490391948277
90.35353986992686
90.69534695733779
93.99629240597187
91.7427258147826
92.63281311810464
92.62212666141316
94.30429485629637
91.38968949359308
93.3253986329748
93.761956828227
92.86926148547262
93.55819423342732
94.85192205990874
99.72272496058068
100.1074718911717



-584.440918516544
-720.7404554964675
-3728.790157080753
-2883.2241871087035
-2400.3937727673656
-2051.149462008288
-1847.124462445134
-1667.9978067207119
-1521.8598796297651
-1389.1447313646759
-1305.9249319996334
-1236.7278683900693
-1180.8634181494278
-1115.7972995936493
-1044.0223593041278
-991.3469605743387
-941.8965836536355
-899.2908951062285
-858.217947359154
-817.5144371372915
-793.6449045044052
-766.3013479709848
-741.9917748306333
-712.5739151993251
-685.0560932182344
-666.3802968159188
-652.8030045466426
-634.6830764337843
-612.9005958883283
-592.3295120602525
-578.6025609926501
-566.1558658211716
-554.4113936436219
-539.4832286131684
-525.7394660425103
-516.7381370569482
-510.65171997353775
-499.53818924492236
-490.448818759807
-478.64075922531117
-469.0969240150289
-458.3122398113951
-448.5872193468678
-442.84552126844534
-436.95185361291436
-430.08335186401706
-423.1387355775394
-417.8000653361053
-411.81764473088555
-405.23620804419363
-399.4944314172884
-394.45674147915935
-388.35931096265244
-382.58688721584014
-375.54509470024357
-371.92029436738505
-367.68786289580163
-361.49906400789575
-351.3866090650811
-347.86700459501196
-343.37008302326836
-339.8097371470269
-337.42697808765024
-331.0404543891601
-327.42860148897057
-326.293649006597
-326.5133443276496
-319.42975887112965
-315.1893666025161
-314.51533969618396
-311.8284654321622
-311.5606607597067
-308.7703334845414
-306.12868090512984
-302.5092571857118
-300.71271414837855
-298.51051712325915
-296.45034646669484
-294.3381770817985
-291.63993911598135
-289.71283698486235
-286.943348077762
-284.4070076574546
-282.3797410091353
-280.61489400125566
-275.779392246568
-273.57304364440984
-272.2430464773163
-273.16820176514835
-270.67854576820713
-268.12246488515376
-266.83980434190073
-263.9527400959904
-261.2063014474086
-259.08897302368604
-257.47861358642194
-253.35128780733748
-250.9910814231217
-248.80590460212915
-245.06316746437878
-238.56644370261156
-231.84352053945022
-136.2299489836441
-132.90646794123117
-129.8208587217698
-127.44533252557856
-120.82872390205173
-116.85679833804637
-114.40735591530179
-112.78841522889225
-108.332414173182
-103.30464866616946
-98.08951330104772
-96.81845663833175
-96.57212929114039
-96.14402485791437
-95.01004051031288
-95.50954921160144
-95.67675297211747
-97.19504726230946
-92.08410174896882
-91.27400534894463
-86.98669851633959
-88.395592620119
-89.1436792152546
-88.78022494562818
-86.08047714015052
-87.23115794315174
-90.44439982347228
-93.0641920007228
-92.55405154171244
-92.71469081311025
-92.67623700539656
-92.69633959800764
-93.88388815266886
-92.19323586764781
-90.26915330015345
-91.05287328626024
-90.39212332380767
-91.70156106398437
-93.2035317017056
-93.50565786305457
-94.83190002294879
-94.91955150190654
-94.06729217421895
-94.57154093290364
-93.69444414506683
-95.27122353645228
-94.35714141751461
-94.1725848498236
-94.01178064592736
-94.26185757976447
-94.99850789792808
-96.28419030543377
-94.48771144321123
-92.01723596165783
-92.59031344640408
-93.45493270259658
-97.07017463120167
-95.5773425050654
-95.13390353892342
-94.64799542736648
-94.93780832484532
-97.77624109866869
-97.70310551602805
-95.7489262264944
-94.20818070388401
-98.44288724204847
-100.06456167392918
-97.94761237099743
-97.18548319099526
-95.30309158102182
-96.40606371217169
-95.92240841532131
-93.74036246444814
-89.96464884859124
-88.78798513046814
-85.79325510812365
-84.50992364676263
-84.8516512533705
-83.24244450052998
-80.9001547818184
-79.25333227086135
-77.83095248937761
-76.66875811554758
-79.19068882669426
-78.79098470553129
-78.55442955917368
-75.08627248549543
-74.81713950407936
-76.63856903726875
-77.54313863963364
-75.04343011008868
-73.20262944986665
-70.86008611772795
-70.99710483760965
-74.8112306511914
-72.83090025743196
-73.24353596465511
-76.77591237318258
-76.43621684405656
-75.44528673615469
-74.25170725526532
-76.00286384094622
-75.57145820708857
-73.2797242985809
-73.24426931558617
-74.11998290334287
-72.8895704532589
-73.90440204710389
-73.72774076870516
-72.59800304680124
-74.19720890286439
-74.18619309908709
-76.01534079610441
-74.87030968872163
-71.63793548428565
-71.10021639989725
-69.72605935565736
-68.68997664450504
-68.69825656734986
-68.73375245076251
-68.70766142585667
-66.65003389072976
-66.31215702032345
-65.687567476507
-63.193522072933256
-62.09815597814968
-55.975209104109446
-52.04036825049263
-52.005797428430114
-50.322285371472354
-49.09427054091083
-50.70611805564467
-49.84332107579647
-50.098438012270336
-50.00272176616489
-48.482177955803564
-46.105749278998985
-46.972666741431276
-45.15248072983764
-45.04947086582231
-42.06259049557336
-38.04784769728965
-35.20378556274866
-32.679978209386405
-33.74500185311227
-28.556748241846975
-28.354064803516216
-27.93877848945423
-24.227996452449602
-19.373040580867904
-15.842165110807338
-11.320455254366419
-10.205323040007384
-9.345843607923085
-8.281758131707562
-5.911946680354372
-8.190493341233687
-6.873047953052606
-9.537562920287728
-10.17964678515759
-7.976595588693321
-6.619578815768488
-5.653274356714749
-3.1694355758522272
0.6255145121303823
4.582290574542127
8.374595840735525
9.014849575440001
12.194320781824272
15.06651375637117
19.141016258986888
20.66357815977553
16.035629357560456
15.735840741549792
15.750018152618841
13.417859171833168
11.06517817749154
11.106379164942197
12.220626519033615
9.119096298350728
6.78635693878502
5.228889411461222
5.931086507677737
6.838309376478322
6.771918009534724
10.650851164715668
12.89292570230874
13.656636700177076
11.573446620062043
16.555109662126213
13.007317535730506
9.042836104709481
7.236781213386358
10.57742570048005
14.628003301030551
15.025965021001419
13.949715121862866
18.020138801280687
18.410158392830585
19.574550269358785
21.050893458334905
19.940634706487852
23.40876528673117
23.30883413043347
24.955054769716853
28.346218540963054
25.616398421554646
29.29418260343248
31.450032299733845
32.04373779995773
32.54544068292119
36.701148907869616
38.07528288419387
37.470604276247045
33.622857968170145
33.716953743273194
36.41379239436306
39.14129885484042
38.271046757143935
41.935449515810205
42.07632570760866
43.78601763562658
46.515464073038636
49.97081418320758
47.58092977606279
47.83037499725012
42.04687843154879
43.00715867341922
43.03680534695711
42.28216166260231
41.89304640298919
45.29140323690589
45.677537973685084
48.14035741626685
49.081338655366444
51.371878228838526
51.8521305327798
57.10929566169535
54.232518777208206
53.25905855182224
51.52778976919672
49.380378408629184
45.43953962975863
46.966350021293344
50.375751132323856
48.362550756817434
50.83598836264705
52.841998509856836
50.25409693039432
48.610688127789636
46.40661944340212
43.86118341114635
38.95437088083189
37.34430112632019
40.64043757376447
39.370972111708504
42.58839707501812
42.65864008263282
45.83299106406133
47.436682075982546
47.049931423617
46.578295902661665
46.24914463441151
46.7279522923737
47.66480526234488
48.582594470537245
46.59936861381412
46.66531006505531
43.78529923080676
44.040345404552724
43.96926008881008
45.824721963995515
50.22977555963911
50.66916967522906
51.35269480669252
54.29469461902282
55.78980189710845
56.56009834471978
54.05975934604696
57.471589297059865
61.04231608369231
61.2776051630036
60.986805907851306
63.95251808505966
64.34358658704599
63.081562901112974
60.596630729339694
59.717976137380305
66.66316940991751
64.46746566617027
65.30069485991235
66.09920579524307
67.9229811740032
65.39856533558873
66.4833463712072
64.7255735593431
66.14308463177721
67.16425460926862
66.34583068773523
66.3678653883396
64.99832715596243
69.74809717161321
69.90838447024095
68.61747424473711
68.25090089074429
64.8103806196344
68.97645032715053
67.03069971409803
66.12492582448438
66.91040464210991
67.6246907727884
64.63595899126521
67.93346487549273
67.68980020250237
70.87380552402661
72.59332326981327
71.95679375478464
70.3579349424143
69.75971585031444
69.9432130174986
67.01393790075845
64.69972792697479
63.4060792889115
61.17029272462747
61.56920594684559
65.1280721738267
65.78708598969446
62.878888663551976
66.61433203217493
70.12053724616646
70.76763448586675
68.53715862479694
71.03155947919369
71.8288538402257
72.19845804879076
72.38938414275762
72.38206003707388
71.423447469896
73.75633886961187
77.40584894309494
77.28246286766355
76.00224810776585
77.91910983699623
71.97895445293821
72.36479959589002
74.95323840756116
72.97212525380264
74.30803195850663
73.48234236872268
74.05174074956227
73.79269411670002
76.25528583084807
77.94641000711141
80.45533849574413
79.82534430643024
79.16386319937875
78.92495414190533
75.69141802790512
77.81753504950119
79.70073906144269
79.88341712462515
83.5868278638456
83.10875785618067
86.81179374677023
89.52650264509272
91.33212806427025
91.68746725897832
94.80176743348295
92.80920498586721
95.77291057637925
98.6771111752145
100.60979224164866


-536.4054878959752
-908.5354671520638
-897.4312310004725
-869.4052069563595
-761.360992328536
-762.7715621400754
-722.8748424276471
-658.493079472902
-628.6409914562321
-625.5944182236146
-571.0087033076197
-580.3554105347946
-565.8890166692122
-567.9664097555299
-567.26316515305
-573.1773626482194
-557.6227410114743
-536.6615128138492
-520.3797736977363
-503.6379167571605
-499.9518350397583
-490.2915184920135
-483.8493104077279
-473.4717449020411
-467.16932364166746
-457.31504720790093
-451.14801957488936
-442.3956502300688
-433.7501293200492
-436.4089719196124
-433.12302184767725
-427.5303419750604
-419.8487393183202
-410.58528364313656
-407.00261605783135
-400.0976034377382
-394.5801020083127
-391.3218131671552
-385.78751429927496
-381.8669030177755
-374.57237284812595
-373.4775203677541
-368.27301863353694
-366.7654937334968
-362.87280307117453
-367.54676846171844
-371.5305453632448
-368.45632417139
-362.2478154777655
-357.7947963530077
-354.72869316663235
-353.01889148285227
-348.6078726565928
-344.52749636918975
-340.41917840977965
-337.23305325007044
-332.49224515900545
-327.5418739144255
-322.4014642954208
-319.38572917887535
-316.38638375256846
-312.8715410544318
-307.52134172439986
-304.53253051382967
-301.4682646515007
-299.64671876502126
-296.73099586415987
-294.10450269345455
-291.3712046498077
-288.4380744124962
-284.6190325572173
-281.31053281085184
-275.5894369350952
-272.09882335271595
-267.9604740976471
-264.19288537339764
-260.5549558134979
-256.30756167006336
-254.01246979797963
-250.99971665988937
-247.84458740985306
-241.59810506908917
-238.77449684918463
-235.6283091833597
-233.62333718394828
-230.8622664968366
-228.99213914449768
-223.66899228309288
-221.5043586404354
-216.41642594977233
-214.14107618886445
-212.07576658679983
-207.54546228422979
-202.45233975419637
-200.21208549557196
-195.19305498010704
-190.6778693968675
-188.97706492237026
-186.62775861002478
-184.2438456908802
-176.59346775638352
-166.57593386263048
-157.6448736597347
-150.21821327110226
-147.14806445550832
-142.125133236898
-134.98973431033747
-130.18503124607184
-129.99407033081437
-123.70846321280106
-123.0222177455344
-116.87492161594331
-112.33453907688715
-105.62207905826308
-100.11472502563088
-93.8770787133073
-90.92782238542881
-89.07989689704131
-86.56522018840826
-84.62929274792987
-80.65483474852687
-75.77694604344988
-73.45280521526745
-72.46594351405615
-69.52792123430433
-67.709385161017
-65.0578382511919
-61.5042224032597
-57.02213482621268
-52.3372178993915
-47.002704012759985
-46.278558941273694
-42.521195892461286
-41.620515476427215
-36.8800367154332
-36.26021258670438
-31.940476946401887
-30.12400771400353
-26.440583980026318
-25.43982481915342
-22.783294944364915
-19.31723523233261
-18.64267756769746
-13.79037085388504
-10.539010667057589
-3.225437364204688
2.240229915312527
1.7760888523462608
2.450140003298176
6.2190290019794165
6.58057902220959
8.558462170334343
8.105888510951502
8.293562368105478
6.426059282672403
8.898447227292928
11.174349981118226
11.47718833395601
8.990389673673139
7.922170854058411
8.694198353544403
11.495601501375463
13.214486535755269
16.482875995194032
17.187809485127172
20.678030761264967
23.55896056383017
26.76987611281371
28.421207145324956
30.367421110530362
32.50191180409485
35.31070855445375
33.63185677591076
35.578327652900185
37.339448827504405
37.612463237731426
37.86495335210636
34.11650748301459
37.04868069662896
39.44646593634029
41.89381644114664
42.0882441405768
42.291751918794596
44.83914743663212
47.29817815700124
47.18098567907681
46.812962657857824
44.64458670274306
42.822894670977036
41.08547453000103
40.587872964896164
40.86488746479321
34.60078993286846
30.48486043201766
30.54386736614731
30.269551735615707
30.17785834888261
28.484169937473407
30.460045084275233
28.549904372491493
28.717391393053244
33.704944059165435
35.59085364332967
38.301659484816284
40.84884205504367
44.09524513086314
44.28292327401553
43.42352214686411
48.94125090186522
50.28544767875804
49.4258370345557
51.97280405375704
53.88512276383658
55.26765215420191
55.14151454178469
56.60288565145438
58.279338023119244
60.181466861295405
61.473013812765785
64.3171751851103
66.58532969071696
63.20868917635975
67.0696497189166
70.6729073507368
70.65564297591115
72.7931836244178
74.87405806528574
75.32494524753001
74.66888277174695
76.62066556988789
77.50750142591366
81.63280425445356
82.07843116436251
84.21106841718425
81.63428718890093
85.28437881903751
85.48996099647704
88.33704628116807
88.44761186958318
91.96537979473379
90.21021884196034
90.00165801588987
93.12829274369047
93.43211230776653
94.64412698023975
95.77360003436299
98.1175947678705
100.0933460937909
