NEW
GOAL
1

60.07787279190377
54.50153521268802
51.00316742897751
60.17655822410087
60.69589305510802
61.26794221265009
63.9528890671433
63.22705584184878
65.5417490899537
64.79563377235084
66.04477850457187
64.67166398273184
63.03863597160335
65.71401214987169
64.97415959868638
63.78293791192755
64.76808472959384
63.54141159339375
62.29876221184355
63.10968869943899
63.66269584446504
64.07604413618274
63.84649208544185
62.809727049432844
62.64666037353818
65.04204148086072
64.80027397468767
65.6110891140473
64.17540185768908
63.51757800022112
63.41315883854028
63.03952976356014
62.640346858863346
62.040390024600924
63.224965787849726
63.878830037360686
64.07067180390389
66.48272034821126
67.96419238833094
66.63384760825163
68.38004797090221
69.86301604221835
70.90409354048808
72.85665164911418
72.86722734922074
69.99769649936329
70.84800815348197
69.84313089021629
70.25370152668594
71.63948268858013
71.77088683047633
71.93341812478651
74.86401752333352
73.19149541673504
72.58794755287713
77.47875164612543
78.09097171872153
79.76163442293792
78.99156298602657
80.66585585743033
83.88419303676743
83.86153976319159
87.8287097312036
96.91319310052302
97.24559758538769
99.41349209324073
99.01242223070605
100.54170500085309
100.52778883400894
100.71634547291465
102.75520491595746
104.05016441270607
102.44479969815674
103.33104719538332
105.39245227890005
103.68339117338766
104.72076664286988
103.14899800354104
107.48089130228183
109.48844846578929
105.87373147578649
105.8955949282409
102.98792901162828
91.7270564752879
93.42511993986125
95.21179896456034
105.76007759272777
107.63178395537439
109.83719967297668
108.47816602999747
106.11461754178723
105.26676622260456
113.85277996315526
114.42589544963346
117.13260166571612
126.05105067878142
127.182729797718
128.687845651387
124.90842838940038
122.24129949213709
120.94448420927797
119.87291171694373
124.8911119142513
132.7534197656559
133.02265721267705
129.2673436042295
116.7457540302062
114.95963786562167
125.04512951103632
128.972710380615
129.5929138540763
131.36285299634136
128.08391115666143
135.52437887894956
141.48431827267467
141.40969133063123
150.21033253991416
149.38666111669843
152.11585909135886
144.9841360209802
141.57892716170767
143.27984785454046
141.98870088924005
140.53227013719265
155.3313935092968
161.3409110605439
159.8352141454679
156.88727040640208
166.20046712199982
161.06064665502444
185.03006297080563
205.0032565126309
207.90362689869366
200.33112995917878
203.21137106329394
205.4299096262906
199.78463841096817
201.14562826197943
206.48205082413796
204.91173053887383
218.53466947908964

NEW
GOAL
2


47.348620177539104
51.38716816831801
70.74069492896963
67.06292610342572
62.390056603908896
59.197193188922164
55.42476598101827
55.686655864180295
60.173064396548185
62.5428793670403
63.903513587970004
62.76590477311306
62.42092797644617
64.8600175895824
63.89581372644909
64.30103788331054
65.83011201322851
65.86722776769459
66.31301641032104
65.43248176936898
66.28753247269705
69.80803186527382
66.22392954581395
68.68848082495366
69.44810577651289
70.39628023346457
71.72734768093366
74.02459601652747
73.65052198586925
72.80798628565475
73.60166134003475
74.10791422038119
75.69556232971703
73.53083687096293
75.11942618870378
74.78479870652153
74.58622982395885
75.62406852686384
76.41032436904452
77.21855845683726
78.02221934224805
74.02807915977732
76.32732482099503
74.23144930834582
73.54003132278702
73.84731653243884
73.797225060763
70.77176500185519
70.49081754211679
69.83761938213888
69.84000529682956
70.41548673460196
69.66572784923505
72.19276011462433
72.02634911254059
75.38632505388743
77.54826443633517
77.81054388778927
76.03571804198818
75.96507225911688
74.72988140674107
76.56412083607198
75.83759021507085
78.68270809216509
84.51066212297908
88.66878286493916
95.86685526307471
101.33312221367378
104.70468074857459
112.2286666372875
117.78030361458687
121.80254482840607
125.25550748155482
123.56600295714597
125.73211766820923
126.42632585591949
132.38052625643488
132.278388812299
135.00588370455463
136.78581954500322
160.14699356587806
163.35991540961314
163.8969047284877
164.26673218412333
170.05744090235618
168.7906031210532
164.06923029720497
162.5473369241384
162.29921738290352
161.8621907468746
156.8488408394797
155.82763708215123
154.59097284054047
156.17640698613002
153.54064553858115
150.106988261793
144.47414369754242
152.68875819100725
163.1238976240599
164.60015245943376
150.95662840329075
150.01457838490393
155.3058486436973
165.76741957670185
159.9617642647632
161.38947371610087
161.14472864301055
163.6155458361436
187.29210801740854
184.40948433971317
196.64082229584105
200.571378695369
202.0952994381498
213.76165215260903


NEW
GOAL
3

53.09757656073371
57.1983920256394
61.11874745963198
72.80911827694698
83.8707781195062
83.45830970151273
78.619771399649
78.69561398344035
80.38482479396775
78.1289529651456
77.7942835051556
78.25593141777502
76.98601490524331
77.71348407630867
76.40722281059057
75.77113604816203
73.99993921033439
75.3334204014706
77.05394132185626
78.6635000920268
80.1142714585731
80.1400603549761
78.98450398379447
75.89506067793268
72.72734583153454
72.33078623694475
73.04203564020563
73.0135339443296
74.012658491557
75.20435106561474
77.09033822431722
75.50324877684265
77.27438975344724
75.39024069844098
76.60202542997204
76.7829398406711
79.89756887195465
78.7533011723429
76.9430147346863
76.4387316945527
78.17434791287991
78.28265588109934
80.18287909082575
83.00146444807004
81.66656591303413
81.5537304042613
82.23554963402933
81.71015722600237
79.29654241839702
79.67352426196396
80.38199374445458
80.79611792256333
79.52432925295126
81.84312836500857
81.68254754838154
82.18300547428203
88.02337724614878
91.31137003862298
90.96974140978048
89.43977326651523
86.56924486312138
87.60285741656811
90.61071139345589
90.77984470524441
96.4514582027963
99.2434995825615
102.72605136164172
104.29633476172019
106.05014777800709
104.32118299732899
102.22906984080763
105.66164041045633
107.72287597569682
111.53357248559385
112.08345892925804
112.77485002744511
113.37981407460973
110.70506634659117
112.79469190373614
119.58153922160406
125.32714735883705
126.52505960924125
124.31670925967194
121.34209762525813
118.29402306184765
114.88051741092863
117.44120264770541
128.41274028363424
127.88008666243555
130.0925379680307
136.90906452800866
144.295810654229
143.91933652225714
138.2488794873076
139.46814102345954
138.2759688976086
131.30177298498575
132.01165969868174
131.63942609012625
129.75160314120282
124.45047561225726
123.43696718935155
131.20287562478305
137.5675941656886
144.1389244569298
144.87989342784232
139.11105847546668
134.91932339355031
144.85057622109107
147.65603123503394
141.99781290316258
155.37264047935383
155.9556916289087
157.78092453975245
156.55901038911472
160.54105093585414
165.4898698233041
171.55306626414614
169.9034758350518
165.33590028761915
166.5897074193812
173.49267299752714
169.20183331416757
163.10002187955862
158.33249793800277
164.78123638218068
165.02450384161
158.34656650611345
159.6109521719276
158.46908078605304
158.32786633108284
144.69448757535108
149.48291250276893
157.82533560427214
161.97940001156374
162.8536188971243
156.80224694261614
173.2028513738647
195.6548606886617
194.6459647653457
194.5771549707555
193.25895805331572
192.98015789249865
204.1452490752285
210.22509104029223


NEW
GOAL
4

29.19610194028355
47.10106589548523
61.523072141523386
58.720612012744816
63.9864344674826
60.45369457983663
63.99165682538046
60.4754315648126
58.30237817881344
60.178236950192364
59.38312207758678
59.40044578327825
59.16439622537608
59.78208273650528
58.93275755999437
60.801021921083
60.553895441060455
60.13409785262723
59.85841511305813
60.489096077299656
63.23566467996544
62.4344665467249
61.79744327045326
62.11762774833919
61.10595059296848
62.56002808051072
63.31403410341225
64.59572215233966
65.28807752109925
65.4221432096229
68.97301528922574
69.79474953792473
69.94174112541928
70.38673289851091
70.983074485139
68.90111285657484
69.78395270257062
72.54524305355176
73.25684250408405
72.89715669572186
72.63859051131273
73.08684691067982
73.41089430091286
75.91735080859894
75.46605723365798
74.07253769406584
71.06974532255205
70.3351817641306
70.78725540300692
70.12893100309051
66.33216806460543
64.94019163868231
65.16590427334727
65.78929160837245
66.30269650903139
70.29234586259365
70.53566631782968
68.32536110171391
69.62187857820786
70.74829834495804
73.28922842637274
73.41548366216523
74.93886749651344
73.50254005367754
74.97911824962333
76.52174640806257
78.43644040783434
80.21735946387693
80.7478245226812
81.66642781742442
83.5368325899538
86.29547767992273
87.63555454418626
87.10200386149123
95.64497711795597
98.94602828986577
98.41840128158078
101.90643859739681
100.83136011793971
101.27142827483121
99.64387335500616
108.00595369309931
113.59314960730919
117.20091607704353
121.74898029107746
120.90914042767604
120.08223442525662
121.39737949767557
122.10254311547848
122.67404980357739
121.93651754523921
125.02551107000974
124.30177319721547
122.5518426060391
118.85579987644067
115.71470909956456
117.60779679830236
115.51899928240039
119.46480394871492
120.58731635905852
122.11557180049995
113.6942322284705
110.31313293208368
107.43775053579107
101.09399627648358
101.8255800628693
102.81860682939278
100.55224110639868
99.70054093026745
99.5252262191307
101.98725677884894
97.37383658263904
96.42138055447327
104.67527983195569
99.46699608800449
97.53186755737099
100.40753195795813
99.62032922846205
96.55089938520744
111.92557383040136
111.82451749490497
121.10826079868832
122.2169721232787
130.07659156666858
136.20537532088514
137.80891778852862
139.27698292798405
145.47394682323016
149.76817883152756
159.5085200102565
167.19902470711855
166.62826913078783
179.4161561825053
174.72817979682287
189.9320492703585
202.70561746186607
198.39155673686892
205.7102119917854
206.71068846319812
192.11757555103048
189.92429647356448
190.73877446375243
206.32235815854625
206.78848185625884
207.79630255077586
217.07681858935598

NEW
GOAL
5

48.31930886494228
49.01498008205671
48.626368610171504
52.43882786434596
49.8137744715371
48.249372777742785
47.75313594877146
49.79730302225529
54.003311266731544
54.630694270592244
56.935358977087866
58.23773610869804
58.65620200036431
59.911927427644976
61.34372989131989
61.87087485262161
64.7242062845856
64.09267627292071
64.14128608088065
65.32735256538243
67.03246777668775
67.49940883346024
69.11195418785276
68.92897512247649
70.66820964558197
71.54884734216701
71.49965968358885
70.44255601212296
68.71771625075003
68.3125241039505
68.78365188461215
69.23975654984602
71.91615066942872
72.58774605322859
71.90279851952886
71.52569871837882
68.80371405252865
67.85338130829912
67.24455827044015
64.82022441594175
62.81516720972712
63.142901782825255
63.26850874581121
64.24249990375458
63.04232653019761
62.021789735838965
64.97030280903024
67.3910284590417
66.99156111271361
67.75769277733352
67.6178270565637
68.61283063124982
67.08640547148826
68.27658305555411
68.94409285551625
73.68892565106263
76.62699228547967
89.6807747425094
94.87569904056417
97.50400941083933
107.03471445105785
109.19921046498571
118.72444008353193
120.17677804982664
130.1154013011195
136.73244339294675
141.38112112912208
144.92053439639136
149.1855873454086
151.00330832072945
152.64230805909105
152.8652057000697
166.48328735295055
177.3648399997362
178.16647890655378
174.35550706468825
175.3501397044645
171.93453355909043
170.65427932465184
169.40782970431272
167.25086870994173
168.13202998609404
166.98019378052476
166.25585480268848
164.23453954220275
162.0188049424127
155.9957373436656
153.96396839582357
156.21179076544587
162.50514354646833
163.26413865813305
165.24529860590752
171.667471953505
161.31372076736318
169.42007551850958
169.94855227844283
169.85628277966117
168.23183224071175
169.9060569759811
175.56878830674265
172.79392131255943
174.037515277129
175.14941531496396
179.89521500345563
176.9626430158525
182.79698677283355
193.90399543339302
197.83532405033068
193.37338795253714
195.48624952754102
203.87064999520072
200.94368237305653
182.61101133971925
197.13065157071622
190.3348258920374
220.47515068628962

NEW
GOAL
5

52.7952738884953
50.65821614645411
46.87381750213596
44.4871818226552
45.576261659867086
45.719433152576244
45.94503440205802
46.57416182393749
45.70455863919693
48.84938831064118
49.20329766827817
49.10688522425306
51.947789876281405
53.40022375593262
53.293916170449705
52.424314749184205
52.863132538688994
55.03106632384311
56.46861741631757
56.37439032509259
57.74468746248143
57.53726036191674
57.423597597452954
58.90874826815944
60.73265464421861
61.34610237686113
61.718628963122356
62.20871027016873
64.47041964994727
63.438646310003094
63.97154918832805
66.11546061452842
66.28942661187858
64.94098745786634
66.1999243333762
66.13900099148633
66.18803701305988
64.85621151586895
71.78154577085701
73.69772263297385
74.15345170174358
75.31614645864099
76.54650337433405
76.63447996799434
76.28255873307825
78.32780495266553
80.99080726946013
81.94446717381804
83.37102973955699
84.98457039319649
86.59555879608236
86.12903521602888
88.640401817479
91.06157271744975
94.61532788790834
96.47951895902251
98.05850231319417
99.43939710575968
92.8321734403069
91.90425474989733
95.05448704286577
95.32627032557194
95.93109113151966
95.90615431341257
97.88407995399496
96.23616925200857
97.4379677524754
99.22413791253946
102.11752594153991
101.41089403994508
101.00089172824397
102.34202802329996
98.1976007794103
98.9414325898502
94.76123453563082
96.448363354653
105.94776347115335
106.14166928813854
106.96846675149868
110.25414950159657
113.40252722432956
114.94652154016777
121.11716171211101
128.15176880795187
129.08958681346934
135.91306030194622
141.64967245433724
155.31678843513262
155.69734152496204
168.12019121027083
180.30689137082373
206.90719658576396
208.50676939761965
207.75130217836409
211.6635853683922


DDQN
VANILLA
1
Wiht
new
reward

97.21562160990149
66.6759474487932
63.68857128284583
57.588395761993176
54.24482083329292
52.033438445296404
52.883411847301616
53.40983763669547
54.99935164476475
60.20136856010083
60.411688230655685
59.83929622543815
62.05943792721139
61.989530525644355
61.05568910886078
61.80295030157586
62.59414439801588
63.65145012142481
63.3375374810293
63.870129229469526
62.317146476297275
64.35154124832408
63.365588846278136
63.87799223900963
65.56553075849618
66.24418946516425
65.43665277961189
64.77936303054825
65.00063909803953
63.41276638688366
64.13180582515798
65.13064558696371
63.09310614236199
62.066963753774964
64.42467696387516
63.367025673101146
62.76200489529924
60.90736874620423
60.32237155595378
59.03294069183691
59.864622737352384
59.08051119451102
60.09469896471923
62.945976965179526
61.574779195747205
61.80696098422495
62.455821071765186
64.41943166641252
66.93302784703899
67.43519974500825
69.34018168346685
69.91293931410027
70.91793061078081
76.16259743822053
83.07289162664179
86.44825188931169
85.52630461773279
86.67949551407312
86.90618054092255
88.0883451772921
88.67998309327166
92.28108780770371
92.48539247528518
90.65153386435514
91.76986778511419
92.16235401871744
96.69708319950233
102.61622051838519
100.69576721233837
111.86025013782925
113.95024890967038
111.92557383040136
111.82451749490497
121.10826079868832
122.2169721232787
130.07659156666858
136.20537532088514
137.80891778852862
139.27698292798405
145.47394682323016
149.76817883152756
122.010115477526
124.25997691220519
120.58018584990332
114.67977339769448
117.90928743620357
124.3059573569507
127.31150578218202
129.5058345750703
134.36333639430998
134.5265215294914
131.4601115971295
141.11679749931534
142.86603402992105
142.35882878444608
145.26168618379842
141.73879695301088
136.12638619579985
141.4563128416546
130.7476273539482
130.35801361127406
122.57165777184335
123.12438563401642
123.77351439586963
122.19080767504349
120.8695753523455
115.8485369730824
112.64895806680117
113.65041926580048
111.86604197075872
113.08358787474504
116.09236162603486
110.12952365855126
109.10818590699368
114.68968301963267
115.55565700505478
131.18366661320977
133.17064728964027
131.32769369868907
130.94391518473913
129.20626939583195
143.65192569021232
143.9560283593302
154.26427553359457
161.46283652384744
159.1887815972236
181.84678008102077
189.9235069919626
197.94475346582396
205.82548501451464
242.6993132954604

DDQN
VANILLA
2
Wiht
new
reward

67.38881947780027
65.21810846822918
64.52817283125673
67.7577344006946
64.47042009185354
64.16659338058473
68.7299260740301
67.79099253407435
67.8121338938854
66.57926930435464
65.82321285558861
64.67483936746622
62.72815147419905
62.78012622696529
61.15025392775965
59.811458140933176
60.22223624267869
60.54189619138482
60.8353443161227
60.815504142819364
59.975927367154895
60.544519227082525
61.34379269440137
60.530473486782306
60.86295638898609
60.70835691826888
58.85693393517232
58.24736106595394
57.91971109299052
57.355975140307955
57.89938109042919
66.40482247686802
68.51214672586192
69.16388780355697
69.39227871557738
70.59953859697082
70.83145052336316
69.7230403985204
69.26954808329347
71.24531757844233
71.90814252434967
72.78982237816292
72.05001521741649
72.5830403161913
72.64120338427743
73.69978563784008
75.30654078623947
75.86009170234396
76.1664042719993
78.5608116548599
82.62964343359535
74.36505783439694
73.39346733916013
72.45193502352274
73.47153765166112
74.2058703801931
76.27944213404308
76.36654055865588
78.67874420197555
77.5783907589522
82.84139655789416
82.62474687119281
83.93715944082335
83.30753808702958
90.97508475685262
90.08184782245142
89.18341580583777
91.04551781081722
91.90242598023549
97.07734577328351
101.09503262356156
100.70934834357294
100.99379699508543
102.21443283428403
102.16057595471204
102.83490241636753
100.88162136008118
102.8014035103221
111.61357015993137
113.87435907123509
117.3495271315323
124.71237682085663
124.69650083842399
133.3059924699009
127.29677008656085
126.69158621606637
126.7521136768452
124.79515482510661
126.9771481330566
120.90174888065724
113.04695379179343
113.99412723411479
118.18181967779086
120.16648352854668
121.27771563244603
120.27017287895868
120.73856325725194
124.6307151752131
113.58621024205988
114.46583540213742
114.42284720038587
107.03973462145613
107.91409954961985
99.66337509550077
129.99718263188828
141.79716203057419
141.38112112912208
144.92053439639136
149.1855873454086
151.00330832072945
152.64230805909105
152.8652057000697
151.59044162536946
161.9120070446763
171.22418231880988
173.64683865112363
186.7945510595727
207.73081039768863
231.36739026960876


DDQN
VANILLA
3
Wiht
new
reward

63.08571231216191
54.29631548556498
57.76086865305746
53.6927682399226
55.19446130094584
54.86642923723363
53.29790160277127
55.40509379267169
54.511754093112216
54.81661005020841
53.89721314176409
54.10990872633841
57.8366164285947
57.98200398239836
59.14765825366793
59.3203394861817
58.094869300524294
58.357415880180774
57.48653706120345
57.58835008744418
57.319562999813705
57.789891253285234
56.4054330291719
56.71703361026889
57.044644580634824
56.53293249593296
58.39088821258008
57.76978200934235
58.660997659533656
58.802701825444714
59.06823580931164
58.078941009840584
56.07743147827546
56.78275393890938
54.75109652461943
53.92838638894077
55.06815080315158
55.03820780694107
55.85502835095715
55.738445711518864
56.51231031055333
56.278690513895164
59.892815679087406
60.833549269556
60.881748416437816
63.915497306739
63.806618615985954
64.58728012126858
65.48300835354216
67.72621879721397
72.2412868363156
75.30126170687933
75.82323151079997
75.54877960300016
76.23734866942571
78.89288242063516
79.12176634514036
87.82638173983062
89.46868740932004
88.93359080320845
88.3096155911149
92.94339869389606
92.53131431078106
96.89961091252603
97.02811155941666
94.57606630423379
93.61422799094156
94.32374397307355
75.54877960300016
76.23734866942571
78.89288242063516
79.12176634514036
87.82638173983062
89.46868740932004
88.93359080320845
88.3096155911149
102.39823015440466
100.83958546584873
99.72419164264394
100.29414011015798
106.61973721035766
111.09238717564158
116.38880021381003
116.14190945523617
124.24318943744524
116.15078484553779
127.39285553931529
132.9665445178272
141.60395546274006
141.38112112912208
144.92053439639136
149.1855873454086
151.00330832072945
152.64230805909105
152.8652057000697
146.1306311492972
150.37366015619565
148.06112566497737
154.11673385438323
165.79778943362197
170.18541100743184
172.64609757866756
163.83249539598347
186.26460167603892
195.32618042596127
192.34869482887856
192.43835904489825
196.94182158546408
215.13039788692714

DDQN
VANILLA
4
Wiht
new
reward

38.1974591801409,
40.568092131149,
41.119782087113,
42.3432887695748,
43.6085613907897,
45.515221384928,
49.0804277832766,
49.9900518087647,
50.0305018198391,
50.4304700490287,
50.5541970040307,
50.9037457290494,
50.9361422900545,
51.2092956382144,
51.2797143421114,
51.4087738991363,
51.525915511259,
51.6612784049396,
52.1451140388907,
52.4701090328376,
52.6834116250281,
53.2194080728016,
53.5234243356942,
53.5245939375624,
54.1579298062564,
54.4426304808725,
54.9147928851851,
55.0332884498232,
55.2960467820448,
55.3694929402215,
55.4305977020666,
55.4544506863769,
55.5724630211335,
55.6016599884044,
55.9715462101176,
56.1169926554661,
56.1708161316409,
56.2786638910483,
56.2893596836327,
56.3082757103614,
56.3917092386783,
56.7840793871859,
56.8768776687926,
57.195622551313,
57.3744031539258,
57.4046325547624,
57.5673175893841,
58.0882489321762,
58.3815350588895,
58.3985596526107,
59.8301312714847,
61.0117870789474,
61.1295124254817,
61.7617109669052,
62.0922300843263,
62.1156850902586,
62.1689676591108,
62.2867264711304,
62.3684438812882,
62.3774106000003,
62.8566304535631,
63.0658327368859,
63.5608632548436,
64.0647979485757,
64.3496227533735,
64.5533739147274,
64.5732321247624,
64.6014718109164,
64.6975062558367,
64.8465007648201,
65.6429167396757,
66.5419076753982,
67.1334147093184,
68.8086427756889,
69.0061947924654,
69.0953775729468,
69.2446646379407,
69.2476414278842,
69.2568960687251,
69.4657607748564,
69.6191298841239,
69.6657078972205,
69.6675587815705,
70.0949741108395,
70.1966680383791,
70.5112767468112,
71.2262513751215,
71.4830964694947,
71.5918871832672,
71.6979028802314,
72.2282017581406,
72.6799920725203,
72.7159901897658,
73.504524739631,
73.5458499011686,
73.7281896163904,
73.7374957961701,
74.8497699089365,
74.9148490368884,
75.1017856552201,
75.187722617421,
78.4042095221808,
79.2484065192253,
79.5114755024924,
79.5342514790356,
80.4225280238896,
81.1729249168638,
81.9687421654387,
82.2553309555988,
82.4260715674085,
82.8108930937866,
83.9792375683145,
84.8965100999444,
85.7520011790726,
86.2571307676378,
89.998490647222,
90.223122297685,
90.5989674516395,
94.5913713130622,
97.1051752973302,
100.818925105906,
101.172602032196,
101.893237905313,
107.448388889592,
108.556188399468,
108.881745954028,
110.418528982144,
116.150784845538,
117.945742728558,
118.853530567469,
119.728201131798,
124.243189437445,
125.196671758797,
127.392855539315,
128.862579242022,
129.297327240182,
129.609509010004,
131.440122553272,
132.966544517827,
136.551597081143,
136.879577601405,
139.949813448179,
141.381121129122,
141.60395546274,
144.920534396391,
146.130631149297,
148.061125664977,
148.292736738176,
149.185587345409,
150.373660156196,
151.003308320729,
152.642308059091,
152.86520570007,
152.941431477727,
154.116733854383,
158.372671852192,
159.838542842787,
163.085712312162,
163.297901602771,
163.692768239923,
163.832495395983,
163.897213141764,
164.109908726338,
164.296315485565,
164.511754093112,
164.816610050208,
164.866429237234,
165.194461300946,
165.405093792672,
165.797789433622,
167.072726321021,
167.760868653057,
170.185411007432,
172.646097578668,
176.405433029172,
176.532932495933,
176.717033610269,
177.044644580635,
177.319562999814,
177.486537061203,
177.588350087444,
177.769782009342,
177.789891253285,
177.836616428595,
177.982003982398,
178.094869300524,
178.357415880181,
178.39088821258,
178.660997659534,
178.802701825445,
179.068235809312,
179.147658253668,
179.320339486182,
186.264601676039,
192.348694828879,
192.438359044898,
195.326180425961,
196.941821585464,
204.315258139094,
215.130397886927,
233.37731394389



DDQN
VANILLA
5
Wiht
new
reward


38.1974591801409,
40.568092131149,
43.6085613907897,
49.0804277832766,
49.9900518087647,
50.4304700490287,
50.9037457290494,
50.9361422900545,
51.2092956382144,
51.4087738991363,
51.6612784049396,
52.1451140388907,
52.6834116250281,
53.2194080728016,
53.5234243356942,
54.1579298062564,
54.4426304808725,
54.9147928851851,
55.0332884498232,
55.2960467820448,
55.3694929402215,
55.4305977020666,
55.4544506863769,
55.6016599884044,
56.2786638910483,
56.3917092386783,
57.3744031539258,
58.0882489321762,
58.2025285510798,
58.3815350588895,
59.0994196952854,
59.8301312714847,
61.0117870789474,
61.1295124254817,
61.7617109669052,
62.1156850902586,
62.1689676591108,
62.2867264711304,
62.3684438812882,
63.0450539087302,
64.5533739147274,
66.1012407209113,
67.3815098714055,
67.96660805567,
68.0789835848089,
68.344500245269,
69.0061947924654,
69.0953775729468,
69.2446646379407,
69.2476414278842,
69.2568960687251,
69.4657607748564,
69.6191298841239,
69.6657078972205,
69.6675587815705,
70.0949741108395,
70.1966680383791,
70.4113184540144,
70.9207073639726,
71.4830964694947,
71.5918871832672,
71.5990680811725,
71.6979028802314,
71.7545855564324,
71.9436941144064,
72.0485643708248,
72.8827217742419,
73.504524739631,
73.5458499011686,
73.7374957961701,
73.7508367170725,
74.2138675632277,
74.2783619751183,
74.3489845638213,
74.4738645158014,
74.5151040731635,
74.6840306850467,
74.9148490368884,
74.9956788236483,
75.1468918355108,
75.187307622,
75.187722617421,
75.2496079695243,
75.8631633068842,
75.942010581137,
76.3065577807953,
76.3344677425471,
76.60046255015,
76.6048666379315,
76.6280927146318,
77.0789059852974,
78.373749105106,
78.4042095221808,
79.5114755024924,
79.5342514790356,
79.8434951097416,
81.1729249168638,
81.8681371157616,
81.8850470588488,
81.9687421654387,
82.5137253215302,
83.9792375683145,
84.9260192316132,
85.7520011790726,
88.1302655692918,
91.821408707052,
94.5913713130622,
97.1051752973302,
101.172602032196,
101.893237905313,
110.418528982144,
113.75502725811,
119.728201131798,
124.23314881463,
125.196671758797,
125.590146204663,
126.690997693539,
127.968761594908,
128.862579242022,
129.151037460747,
131.440122553272,
133.40658823186,
134.911172257047,
135.83083276521,
136.551597081143,
136.879577601405,
139.854532192435,
139.949813448179,
140.56921135195,
140.784649809311,
141.180290317205,
141.731413950926,
144.995636977192,
145.007592888559,
148.143526594185,
148.292736738176,
148.984122261673,
152.941431477727,
154.620195438635,
158.372671852192,
158.824315083554,
159.838542842787,
159.84096194531,
164.360711375382,
164.381316535257,
164.888086586996,
165.354303178909,
167.072726321021,
167.130329123822,
187.54530035475,
204.315258139094,
219.297555195868,
233.37731394389
