tensor([-0.6514,  0.1612, -0.8051, -1.3846,  0.1207, -0.0982,  0.0000,  0.0000],
       device='cuda:0')
tensor([-0.0102,  0.7799, -0.3209, -0.0693,  0.0528, -0.4649,  0.0000,  0.0000],
       device='cuda:0')
tensor([ 0.2733,  0.4527, -0.6714, -0.1011,  0.1773,  0.2396,  0.0000,  0.0000],
       device='cuda:0')
tensor([ 0.1658,  0.9435,  0.4569, -0.7307, -0.2685, -0.0923,  0.0000,  0.0000],
       device='cuda:0')
tensor([-0.4992,  0.9758,  0.1318, -0.0895,  0.0361,  0.0605,  0.0000,  0.0000],
       device='cuda:0')
tensor([-0.0049,  1.4083, -0.4976, -0.1166,  0.0057,  0.1127,  0.0000,  0.0000],
       device='cuda:0')
tensor([ 0.0093,  1.2301, -0.1074, -0.1015,  0.0713,  0.3991,  0.0000,  0.0000],
       device='cuda:0')
tensor([-0.5969,  0.2904, -0.1292, -0.0867, -0.1684, -0.2738,  0.0000,  0.0000],
       device='cuda:0')
tensor([-1.5230e-04,  1.4204e+00, -1.5437e-02,  4.2142e-01,  1.8321e-04,
         3.4967e-03,  0.0000e+00,  0.0000e+00], device='cuda:0')
tensor([-0.0257,  0.8317, -0.0821, -0.9592,  0.0886,  0.1286,  0.0000,  0.0000],
       device='cuda:0')
tensor([ 0.0941,  0.9294, -0.1605, -0.0692,  0.0901,  0.3757,  0.0000,  0.0000],
       device='cuda:0')
tensor([-0.5994,  0.3769, -2.6166, -0.1181,  0.0738, -0.7646,  0.0000,  0.0000],
       device='cuda:0')
tensor([-0.0789,  1.2095, -0.5280, -0.1030,  0.3797, -0.2621,  0.0000,  0.0000],
       device='cuda:0')
tensor([-0.1522,  1.1676, -0.3612, -0.6225,  0.0525,  0.0628,  0.0000,  0.0000],
       device='cuda:0')
tensor([ 0.1619,  1.3426,  0.4849, -0.2855, -0.0447,  0.0873,  0.0000,  0.0000],
       device='cuda:0')
tensor([-0.0601,  1.1302, -0.4260, -0.1102,  0.0579, -0.5421,  0.0000,  0.0000],
       device='cuda:0')
tensor([-0.2578,  1.2752, -0.3249, -0.1023, -0.0663,  0.2478,  0.0000,  0.0000],
       device='cuda:0')
tensor([-0.0025,  1.4062, -0.2541, -0.2101,  0.0029,  0.0576,  0.0000,  0.0000],
       device='cuda:0')
tensor([ 0.5804,  0.0540, -0.5322, -0.0854,  0.1127,  0.2686,  0.0000,  0.0000],
       device='cuda:0')
tensor([ 0.0459,  1.3570,  0.2418, -0.2504, -0.0476, -0.1274,  0.0000,  0.0000],
       device='cuda:0')
tensor([-0.3721,  0.0862,  0.0116, -0.1017, -0.1580,  0.4337,  0.0000,  0.0000],
       device='cuda:0')
tensor([ 0.3742,  0.5081,  0.6129, -1.2387, -0.3649,  0.0572,  0.0000,  0.0000],
       device='cuda:0')
tensor([-0.1075,  1.1698, -0.3351, -0.5249,  0.2689,  0.3233,  0.0000,  0.0000],
       device='cuda:0')
tensor([ 0.0492,  1.3426,  0.4575, -0.1792, -0.0608, -0.1185,  0.0000,  0.0000],
       device='cuda:0')
tensor([-0.2648,  1.3435, -0.2385, -0.0865, -0.0985,  0.4022,  0.0000,  0.0000],
       device='cuda:0')
tensor([ 0.0032,  1.4021,  0.3222, -0.3915, -0.0037, -0.0730,  0.0000,  0.0000],
       device='cuda:0')
tensor([-0.1208,  0.6237, -0.5761, -1.1258,  0.6008,  0.1631,  0.0000,  0.0000],
       device='cuda:0')
tensor([-0.5924,  0.1501,  0.8711, -0.1704, -1.1161, -0.1726,  0.0000,  0.0000],
       device='cuda:0')
tensor([ 0.4158,  0.5688,  0.2770, -0.1191, -0.0547,  0.1890,  0.0000,  0.0000],
       device='cuda:0')
tensor([ 0.0844,  0.6870,  0.1852, -1.0887, -0.2370, -0.1808,  0.0000,  0.0000],
       device='cuda:0')
tensor([ 0.4478,  1.0301,  0.1236, -0.0965,  0.3064,  0.3196,  0.0000,  0.0000],
       device='cuda:0')
tensor([ 0.2152,  0.6611,  0.5264, -1.1915, -0.1051, -0.0074,  0.0000,  0.0000],
       device='cuda:0')
tensor([ 0.1502,  1.3606,  0.6937, -0.1078,  0.0175,  0.2497,  0.0000,  0.0000],
       device='cuda:0')
tensor([ 0.0902,  1.2800,  0.4507, -0.0772, -0.0783, -0.0915,  0.0000,  0.0000],
       device='cuda:0')
tensor([-0.3915,  0.1404,  0.0293, -0.0083, -0.3996, -0.0033,  1.0000,  1.0000],
       device='cuda:0')
tensor([-0.4339,  1.3484, -0.7510, -0.5880,  0.4600,  0.0983,  0.0000,  0.0000],
       device='cuda:0')
tensor([-0.0094,  1.2901, -0.2171, -0.1194, -0.0405, -0.1897,  0.0000,  0.0000],
       device='cuda:0')
tensor([ 0.4074,  0.5108,  0.6688, -0.1245,  0.0626, -0.0139,  0.0000,  0.0000],
       device='cuda:0')
tensor([-0.0619,  0.8065, -0.0424, -0.9394, -0.2477, -0.1369,  0.0000,  0.0000],
       device='cuda:0')
tensor([ 0.0125,  1.2043, -0.1605, -0.1111,  0.1411,  0.2324,  0.0000,  0.0000],
       device='cuda:0')
tensor([ 0.3785,  0.4121,  0.1881, -0.1233,  0.0944,  0.3358,  0.0000,  0.0000],
       device='cuda:0')
tensor([-0.0780,  0.4366, -0.3635, -0.1092, -0.1867, -0.1827,  0.0000,  0.0000],
       device='cuda:0')
tensor([ 0.1903,  0.1858,  0.0800, -1.2785,  0.3807,  0.0903,  0.0000,  0.0000],
       device='cuda:0')
tensor([-0.6159,  0.9269,  0.1771, -0.1243, -0.0675, -0.1199,  0.0000,  0.0000],
       device='cuda:0')
tensor([-1.1520e-04, -8.7775e-04, -4.5416e-02,  6.2318e-07, -3.8323e-03,
        -2.8343e-07,  1.0000e+00,  0.0000e+00], device='cuda:0')
tensor([ 0.1466,  1.4026,  0.6546, -0.1170,  0.1631,  0.2792,  0.0000,  0.0000],
       device='cuda:0')
tensor([ 7.8444e-03, -8.6037e-04,  4.3959e-01,  1.6371e-06, -1.7580e-03,
         4.3749e-07,  0.0000e+00,  0.0000e+00], device='cuda:0')
tensor([ 0.1951,  0.9118, -0.6407, -0.1046,  0.7848, -0.0217,  0.0000,  0.0000],
       device='cuda:0')
tensor([ 0.0510,  1.3264,  0.4617, -0.4749, -0.0341, -0.0408,  0.0000,  0.0000],
       device='cuda:0')
tensor([-0.3209,  1.4938, -0.6198, -0.1015, -0.0358, -0.1217,  0.0000,  0.0000],
       device='cuda:0')
tensor([-3.2926e-03,  4.9827e-05,  5.5088e-02, -1.2809e-06, -7.5212e-03,
        -3.1237e-07,  1.0000e+00,  1.0000e+00], device='cuda:0')
tensor([-0.0234,  0.6522, -0.0731, -1.0879,  0.2928,  0.0744,  0.0000,  0.0000],
       device='cuda:0')
tensor([-0.0023,  1.3996, -0.2314, -0.5021,  0.0027,  0.0524,  0.0000,  0.0000],
       device='cuda:0')
tensor([-0.4192,  1.3893, -0.4779, -0.1048,  0.0336,  0.0129,  0.0000,  0.0000],
       device='cuda:0')
tensor([ 0.2923,  0.7767,  0.8675, -0.9867, -0.5861, -0.3978,  0.0000,  0.0000],
       device='cuda:0')
tensor([ 4.9430e-02, -1.3067e-03,  2.5830e-02,  4.6447e-07,  4.6719e-04,
         9.4191e-08,  0.0000e+00,  0.0000e+00], device='cuda:0')
tensor([ 0.7059,  0.6295,  0.1711, -0.1022,  0.4465, -0.0683,  0.0000,  0.0000],
       device='cuda:0')
tensor([-0.1065,  0.1120,  0.1857, -0.1154, -0.1211, -0.3215,  0.0000,  0.0000],
       device='cuda:0')
tensor([-0.2187,  1.2455, -0.7124, -0.5565,  0.2408,  0.0151,  0.0000,  0.0000],
       device='cuda:0')
tensor([-0.2275,  0.9774, -0.6384, -0.6481,  0.3144,  0.0482,  0.0000,  0.0000],
       device='cuda:0')
tensor([ 0.2020,  1.5435,  0.5157, -0.1198, -0.0761, -0.0557,  0.0000,  0.0000],
       device='cuda:0')
tensor([-0.0776,  1.3312, -0.7201, -0.4156,  0.0738,  0.1556,  0.0000,  0.0000],
       device='cuda:0')
tensor([ 0.4940,  0.7323, -0.0341, -0.2161,  1.3016,  0.5954,  0.0000,  0.0000],
       device='cuda:0')
tensor([ 0.1798,  1.1193,  0.5532, -0.1062,  0.2077,  0.5053,  0.0000,  0.0000],
       device='cuda:0')
tensor([-0.2637,  0.4005, -0.2404, -0.1109, -0.0831,  0.2503,  0.0000,  0.0000],
       device='cuda:0')
tensor([-0.5172,  0.3838, -0.0473, -0.0877, -0.8727, -0.1790,  0.0000,  0.0000],
       device='cuda:0')
tensor([-0.4279,  0.8189, -1.0143, -1.0801,  1.0804,  0.5956,  0.0000,  0.0000],
       device='cuda:0')
tensor([ 1.6068e-01,  1.2540e-02, -1.7621e-03, -1.2033e-04,  1.0463e-01,
         6.1481e-04,  1.0000e+00,  1.0000e+00], device='cuda:0')
tensor([ 0.0633, -0.0014,  0.3844,  0.0428, -0.0114,  0.1443,  1.0000,  1.0000],
       device='cuda:0')
tensor([-0.5211,  0.7181,  0.2453, -0.1041, -0.4759,  0.3618,  0.0000,  0.0000],
       device='cuda:0')
tensor([ 0.0044,  1.4110,  0.4436,  0.0021, -0.0051, -0.1005,  0.0000,  0.0000],
       device='cuda:0')
tensor([ 0.4007,  1.1961,  0.9543, -0.5270, -0.5483, -0.3892,  0.0000,  0.0000],
       device='cuda:0')
tensor([-0.1007,  0.9526, -0.4089, -0.1074, -0.0081, -0.4068,  0.0000,  0.0000],
       device='cuda:0')
tensor([-0.0431,  1.4695, -0.0741, -0.0970, -0.2258,  0.0872,  0.0000,  0.0000],
       device='cuda:0')
tensor([ 6.8951e-05, -1.0528e-03,  8.7440e-03, -1.3621e-06,  1.6913e-03,
        -3.1064e-07,  0.0000e+00,  1.0000e+00], device='cuda:0')
tensor([ 0.1702,  0.6773, -0.3282, -0.1145, -0.0642, -0.3449,  0.0000,  0.0000],
       device='cuda:0')
tensor([-0.1469,  1.3591, -0.7409, -0.2211,  0.0726,  0.0240,  0.0000,  0.0000],
       device='cuda:0')
tensor([-0.0078,  1.4096, -0.7871, -0.0596,  0.0090,  0.1783,  0.0000,  0.0000],
       device='cuda:0')
tensor([-0.1733,  0.8880,  0.2300, -0.1170, -0.0378, -0.3082,  0.0000,  0.0000],
       device='cuda:0')
tensor([-0.0779,  0.4134, -0.5469, -1.0606,  0.9054,  0.4770,  0.0000,  0.0000],
       device='cuda:0')
tensor([ 0.1153,  0.2840,  0.1176, -1.3693,  0.1853,  0.0092,  0.0000,  0.0000],
       device='cuda:0')
tensor([-0.0045,  1.2081, -0.1210, -0.0629,  0.0301, -0.4184,  0.0000,  0.0000],
       device='cuda:0')
tensor([-0.7384,  0.0076,  0.2323, -0.0746, -0.0719, -0.3360,  0.0000,  1.0000],
       device='cuda:0')
tensor([ 0.7173,  0.3818,  1.3036, -1.4093, -1.1883, -0.1924,  0.0000,  0.0000],
       device='cuda:0')
tensor([-0.0339,  0.6927, -0.2533, -0.1223, -0.2615, -0.3495,  0.0000,  0.0000],
       device='cuda:0')
tensor([ 0.1550,  1.3356,  0.2673, -0.0796,  0.2481, -0.0785,  0.0000,  0.0000],
       device='cuda:0')
tensor([ 0.1584,  0.5127,  0.3897, -1.1568, -0.3144,  0.0141,  0.0000,  0.0000],
       device='cuda:0')
tensor([-0.2929,  0.6652, -0.6498, -1.1412,  0.4533,  0.1392,  0.0000,  0.0000],
       device='cuda:0')
tensor([-0.0219,  1.0292, -0.0657, -0.8103, -0.0562, -0.0081,  0.0000,  0.0000],
       device='cuda:0')
tensor([ 0.9911,  0.4281,  0.2366, -0.1163,  0.5440, -0.0081,  0.0000,  0.0000],
       device='cuda:0')
tensor([-0.2149,  0.9711,  0.3217, -0.1015, -0.1922,  0.1614,  0.0000,  0.0000],
       device='cuda:0')
tensor([-1.0134e-03,  1.4051e+00, -1.0266e-01, -2.5858e-01,  1.1811e-03,
         2.3254e-02,  0.0000e+00,  0.0000e+00], device='cuda:0')
tensor([-0.3580,  0.4628,  0.4665, -0.1096, -0.1969, -0.4425,  0.0000,  0.0000],
       device='cuda:0')
tensor([-0.2055,  1.3885, -0.5939, -0.3460,  0.2985,  0.3653,  0.0000,  0.0000],
       device='cuda:0')
tensor([ 0.2880,  0.9983, -0.5493, -0.1302,  0.9121,  0.1001,  0.0000,  0.0000],
       device='cuda:0')
tensor([ 0.6574,  0.4657,  0.0995, -0.0975, -0.2323,  0.2779,  0.0000,  0.0000],
       device='cuda:0')
tensor([ 0.2864,  0.6914,  0.2356, -0.1057,  0.0022,  0.3611,  0.0000,  0.0000],
       device='cuda:0')
tensor([ 0.0339,  1.2754,  0.1299, -0.4450,  0.0654,  0.1570,  0.0000,  0.0000],
       device='cuda:0')
tensor([-0.0590,  1.4114, -0.0607, -0.1119, -0.2245, -0.1378,  0.0000,  0.0000],
       device='cuda:0')
tensor([-0.1141,  1.4255, -0.5456, -0.1528,  0.0518,  0.0109,  0.0000,  0.0000],
       device='cuda:0')
tensor([-0.1789,  1.0402, -0.4888, -0.7634,  0.2582,  0.1552,  0.0000,  0.0000],
       device='cuda:0')
tensor([-0.3238,  0.3315, -0.0582, -1.3542, -0.7951, -0.6539,  0.0000,  0.0000],
       device='cuda:0')
tensor([-0.0687,  0.1807, -0.1886, -1.3688,  0.1107,  0.1491,  0.0000,  0.0000],
       device='cuda:0')
tensor([ 0.1840,  0.0306,  0.5667, -0.0731,  0.0876,  0.9663,  1.0000,  0.0000],
       device='cuda:0')
tensor([ 0.0113,  0.4292, -0.3593, -0.0960,  0.2331, -0.0890,  0.0000,  0.0000],
       device='cuda:0')
tensor([ 0.0991,  1.2220,  0.4203, -0.5476,  0.0173,  0.1017,  0.0000,  0.0000],
       device='cuda:0')
tensor([-0.3812, -0.0352, -0.2697,  0.0126,  0.0216, -0.2209,  1.0000,  1.0000],
       device='cuda:0')
tensor([ 0.5004,  0.4754,  0.1082, -0.1143,  0.2529, -0.1060,  0.0000,  0.0000],
       device='cuda:0')
tensor([-0.2579,  0.1951,  0.2345, -0.0900,  0.0260, -0.0793,  0.0000,  0.0000],
       device='cuda:0')
tensor([ 0.0951,  0.3706, -1.0281, -0.1032, -0.2232, -0.4554,  0.0000,  0.0000],
       device='cuda:0')
tensor([ 0.0049,  1.4187,  0.4952,  0.3450, -0.0057, -0.1122,  0.0000,  0.0000],
       device='cuda:0')
tensor([ 0.1843,  1.2816,  0.4305, -0.1026,  0.0811,  0.3390,  0.0000,  0.0000],
       device='cuda:0')
tensor([-2.5091e-04,  2.3389e-01,  5.1112e-01, -7.9371e-02, -7.9283e-02,
        -1.2679e-01,  0.0000e+00,  0.0000e+00], device='cuda:0')
tensor([-0.0532,  0.9072, -0.1841, -0.9367, -0.0740, -0.0594,  0.0000,  0.0000],
       device='cuda:0')
tensor([ 0.0305,  0.3989,  0.2464, -0.0945, -0.1999, -0.2313,  0.0000,  0.0000],
       device='cuda:0')
tensor([ 0.0660,  0.6476,  0.6022, -1.3302, -1.3802, -0.5044,  0.0000,  0.0000],
       device='cuda:0')
tensor([-0.2780,  0.8778, -0.1669, -0.7791, -0.3155, -0.2541,  0.0000,  0.0000],
       device='cuda:0')
tensor([-0.7130,  1.0665, -0.9457, -0.9030,  0.2236, -0.0614,  0.0000,  0.0000],
       device='cuda:0')
tensor([ 0.1171,  0.0993, -0.2828, -1.4951,  0.4656, -0.1140,  0.0000,  0.0000],
       device='cuda:0')
tensor([-0.4439,  0.1382, -0.4022, -0.0641, -0.2856, -0.3206,  0.0000,  0.0000],
       device='cuda:0')
tensor([-0.0216,  0.9140,  0.2600, -0.0904, -0.2625, -0.2405,  0.0000,  0.0000],
       device='cuda:0')
tensor([-0.1022,  0.8517, -0.4158, -0.0709,  0.0453, -0.3645,  0.0000,  0.0000],
       device='cuda:0')
tensor([-3.6669e-04,  1.3799e+00, -1.2566e-02, -8.8999e-02, -2.1911e-03,
        -5.9687e-02,  0.0000e+00,  0.0000e+00], device='cuda:0')
tensor([-0.2516,  0.7407, -0.0355, -0.1081, -0.1130,  0.2487,  0.0000,  0.0000],
       device='cuda:0')
tensor([-0.3526,  0.8360, -0.4884, -0.0947, -0.4508, -0.1025,  0.0000,  0.0000],
       device='cuda:0')
tensor([ 0.5440,  0.7849,  0.9731, -1.0712, -0.5839, -0.0674,  0.0000,  0.0000],
       device='cuda:0')
tensor([ 0.5089,  0.1568, -0.1428, -0.1166,  0.1753,  0.5077,  0.0000,  0.0000],
       device='cuda:0')
tensor([ 0.5736,  0.1247,  0.9061, -0.1176,  0.7314,  0.5990,  0.0000,  0.0000],
       device='cuda:0')
