461.4384582344977
428.1656607396413
439.36679861963063
359.53166113800114
305.96101446857045
348.81307938074997
329.0619702207431
312.48169671627187
339.53633533049083
335.08218022604
459.3918205163551
673.0325969794825
697.0195316412739
652.2179709185139
686.8294717398974
702.8909222313591
709.5984623641207
669.8100414018353
680.3941767824319
688.1481439150981
734.5891820269245
735.1426134861957
723.418783688851
702.5912278813988
729.9731887386827
727.6010694257786
755.4490738945641
739.5545642850578
744.3430207155415
746.8904198024288
746.4452950854505
723.0457598487355
784.7528760743514
767.8048740113965
773.0681649136225
774.1483768237806
774.8912413007648
796.9132877363872
785.0578864471015
820.6958482624486
835.6366953362334
824.829217772923
819.6032480542295
842.6607606266966
833.609761664423
821.2912670149424
813.3255233248317
810.565203795101
799.164968687842
783.3784977621357
776.3309615834141
771.0717389778432
786.2819394075493
846.745270097402
863.2370386658461
853.217317478141
850.3183563837297
878.5948867183013
875.5200425999615
872.7453727927473
840.4264578332442
784.3040073145976
793.865611386976
795.0921756636296
778.6527511067134
772.9876495996308
766.7703155973071
775.6243345343055
775.4874143932091
796.5293670888201
776.5054018810534
767.5668207116781
781.8353946090872
777.4811637506938
805.6244959823439
807.3753285827473
777.9810509042587
785.2084011542191
775.9125212079181
775.1566457100727
775.1816105948287
775.4423351254725
758.0804230585433
775.2838287477806
774.1385332827244
775.0149509451035
760.5499970062505
738.9704456934164
779.3403529867122
779.2355321148647
763.3120418771114
776.6912683921562
794.940695846435
770.7156015386488
840.8744428986773
842.2753069140938
838.9132031862317
879.7754465503823
892.1159250198881
923.1007524381434
960.1991269727955
966.3219734166672
954.5739983543771
921.7725305164641
910.6623809193874
932.533164396338
938.1960707462075
911.3586460128151
913.3256099142375
926.2562893042734
963.2902736651362
991.6135982445219
1006.9120292753972
1019.962077808687
1018.9868205904207
1012.5411623572986
1038.0592911186448
1079.3738518995594
1062.8625296995745
1039.5627401141435
1034.147674863054
1039.0721939655161
1058.7372233667254
1073.8052919777706
1032.4698719938824
1022.6959126110797
1043.146874205249
1060.0546433864622
1068.5077767164507
1065.0583597775235
1057.105756989364
1063.7718725061554
1032.2706285133515
1106.3571814834595
1095.0490484805052
1123.6083158287306
1141.1264332441342
1136.6399032570716
1136.7623160828218
1101.6505716210036
1125.0615030079355
1105.6641998138693
1113.416909263047
1107.8572627051433
1074.267971076745
1098.6395471585038
1126.7448751191944
1082.422115277207
1065.930115847626
1040.8336215187226
1029.3749609613433
1040.491261702884
1028.311745779695
1018.1902889687017
1020.6488548016624
1014.024845298174
1033.3321755640986
1041.4021571485835
1037.2019748833645
1033.473325879735
1006.0599511399912
989.487919677604
953.8217820237004
972.1740295637526
1023.8915221575039
1069.4504220126805
1062.2523913543148
1050.449546643263
1050.8878374110047
1047.3779006150844
1061.4070968801132
1085.639245221464
1098.269293636887
1088.8450659403702
1088.525740579812
1087.9695062890332
1104.100687809945
1084.9928888084487
1111.953944673792
1116.9771092035587
1120.1167036211937
1166.3971033501766
1161.4023875681914
1065.9339155009825
1078.3655167821457
1033.8471891888473
1032.926420660656
1084.687798600581
1093.253375762285
1118.105330246551
1139.860857413738
1166.320886059734
1197.0940487160442
1238.9968884547854
1217.6529626490728
1200.1353529107184
1231.5829665812196
1225.9242505098907
1241.1671110219847
1252.734732923603
1236.006415906721
1253.5918691152392
1327.5665898153616
1314.3398702189088
1333.3736003855336
1319.7169120943395
1317.3739356291658
1310.869371694733
1316.8397328308472
1329.3008817567697
1357.6190560948955
1426.8369703577957
1458.1414402572898
1433.9292298525286
1388.3335728710063
1363.7814696309017
1361.829767465344
1329.6833366168328
1383.296720603265
1401.0402409071448
1392.3701997845815
1399.441170148154
1379.779005366307
1389.4595690188703
1433.684175677064
1484.7405331086502
1460.342513387158
1489.0284945244746
1477.8484438785056
1460.6805364534737
1487.6111707865002
1472.5914366819818
1503.771232356191
1505.4963196556448
1530.066344680142
1550.9904325229506
1534.3609678906398
1478.002639894411
1475.1383348107047
1474.7883550570532
1503.935717760849
1507.4094382118358
1443.6049300637894
1417.6535576186134
1415.3311406693383
1408.3959555816057
1356.5189105266095
1358.0369744142743
1359.3788236241342
1371.2658480325842
1404.9351467081108
1402.7989181439393
1352.0051238945678
1347.2719021711919
1336.0863493553743
1362.9607660127044
1355.4980261043975
1367.3906305757241
1382.2584468381426
1383.920518317952
1374.0907042081765
1299.1444442089885
1276.8820906085002
1279.4093386048326
1268.3358578484122
1260.2533222644533
1235.758189027795
1248.9091314553195
1222.2904933223547
1212.4961930276436
1210.9760436479658
1174.8730507587231
1154.4090381231692
1151.9714229072003
1120.7766977621284
1071.6045908209721
1092.0930034569471
1059.020560274195
1052.4659925769133
1055.729510385411
1071.4282774723804
1045.800265307021
1035.8967529716792
1045.7549090901414
1036.5614076362385
1030.2059427875888
1047.6656770043726
1106.619610871461
1087.407176620915
1065.4704780589557
1004.6940183766502
996.9332654357152
1023.6388193074097
1010.8315233217926
995.6294434178338
1018.3215343165517
1028.9468703645484
1047.9992127125731
1030.6917818795805
1012.2773467140358
-500.0
-491.5
-434.0
-401.0
-381.6
-386.6666666666667
-402.85714285714283
-401.0
-393.3333333333333
-375.1
-372.27272727272725
-361.3333333333333
-372.0
-370.57142857142856
-376.46666666666664
-368.75
-367.47058823529414
-367.1666666666667
-360.94736842105266
-367.9
-360.42857142857144
-350.6363636363636
-348.4782608695652
-342.7916666666667
-344.6
-336.53846153846155
-334.48148148148147
-334.32142857142856
-332.1034482758621
-337.7
-334.7741935483871
-337.15625
-333.57575757575756
-331.2352941176471
-327.65714285714284
-322.80555555555554
-319.02702702702703
-316.05263157894734
-311.9230769230769
-309.45
-305.3170731707317
-304.4761904761905
-303.1162790697674
-299.52272727272725
-296.2888888888889
-294.9347826086956
-290.8085106382979
-287.9791666666667
-286.734693877551
-283.76
-276.76
-270.32
-268.56
-264.42
-262.04
-257.5
-253.5
-249.7
-245.52
-244.68
-240.04
-237.4
-230.24
-225.52
-218.42
-217.0
-215.16
-210.88
-207.46
-199.38
-197.28
-197.04
-193.54
-194.72
-189.26
-192.4
-188.92
-184.26
-182.32
-174.28
-172.02
-165.5
-162.72
-160.04
-157.82
-156.72
-156.06
-154.78
-153.46
-151.76
-150.9
-148.16
-146.28
-145.24
-144.72
-141.72
-142.24
-141.86
-140.36
-139.72
-139.4
-138.54
-135.9
-136.34
-135.08
-133.4
-131.18
-129.22
-128.62
-127.2
-126.96
-126.62
-125.82
-125.22
-125.38
-123.62
-120.48
-119.32
-119.74
-119.54
-500.0
-500.0
-500.0
-500.0
-500.0
-500.0
-500.0
-500.0
-500.0
-500.0
-500.0
-500.0
-499.46153846153845
-499.5
-495.93333333333334
-490.8125
-476.70588235294116
-477.27777777777777
-478.4736842105263
-479.55
-480.5238095238095
-471.59090909090907
-472.82608695652175
-465.5
-464.6
-458.3076923076923
-458.55555555555554
-452.32142857142856
-453.86206896551727
-449.6666666666667
-451.2903225806452
-445.03125
-439.4848484848485
-435.8235294117647
-430.8
-428.6111111111111
-426.1081081081081
-424.10526315789474
-426.05128205128204
-427.9
-423.8536585365854
-425.0952380952381
-425.06976744186045
-420.9318181818182
-417.6222222222222
-416.30434782608694
-412.0425531914894
-409.0
-406.16326530612247
-401.4
-399.44
-393.28
-387.42
-379.9
-375.44
-370.32
-363.08
-356.2
-350.28
-344.16
-340.58
-334.7
-330.04
-323.82
-317.4
-312.18
-310.32
-304.68
-297.84
-289.8
-281.72
-278.54
-272.22
-270.32
-264.24
-261.78
-257.14
-256.06
-249.96
-245.62
-238.18
-238.64
-236.46
-232.84
-232.84
-228.74
-224.88
-221.3
-215.32
-210.24
-209.46
-203.06
-197.22
-195.02
-192.52
-190.5
-189.3
-186.36
-185.16
-185.22
-180.86
-179.46
-179.84
-181.2
-179.68
-177.7
-178.92
-178.92
-177.0
-175.36
-171.42
-169.7
-167.48
-168.3
-168.44
-169.94
-171.16
-169.74
-176.58
-177.16
-177.26
-179.66
-178.36
-175.96
-175.66
-180.1
-177.54
-176.08
-174.54
-174.42
-175.52
-172.76
-172.3
-172.2
-169.32
-169.92
-168.98
-170.14
-168.88
-167.2
-164.88
-164.24
-164.94
-165.88
-165.22
-162.12
-161.08
-161.46
-163.92
-163.06
-161.84
-161.38
-159.2
-158.12
-157.66
-156.92
-155.6
-154.76
-156.72
-157.16
-156.82
-156.12
-155.26
-152.94
-151.94
-148.82
-146.78
-145.96
-137.92
-138.26
-138.1
-135.18
-135.3
-135.96
-135.34
-129.72
-129.68
-128.38
-129.22
-129.94
-128.48
-130.5
-131.02
-130.12
-130.18
-128.96
-128.96
-126.92
-126.78
-125.34
-126.52
-126.68
-125.56
-123.84
-123.3
-122.76
-122.66
-121.38
-117.6
-500.0
-500.0
-500.0
-500.0
-500.0
-500.0
-500.0
-500.0
-500.0
-497.6
-497.8181818181818
-498.0
-498.15384615384613
-498.2857142857143
-498.4
-498.5
-498.5882352941176
-498.6666666666667
-498.7368421052632
-498.8
-498.85714285714283
-498.90909090909093
-495.3478260869565
-491.375
-480.08
-480.84615384615387
-476.25925925925924
-477.10714285714283
-477.8965517241379
-478.6333333333333
-467.7741935483871
-462.34375
-463.4848484848485
-464.55882352941177
-465.57142857142856
-458.5
-451.1081081081081
-448.9736842105263
-447.64102564102564
-439.975
-437.6341463414634
-435.23809523809524
-431.7906976744186
-428.95454545454544
-423.84444444444443
-421.7391304347826
-417.3191489361702
-416.6041666666667
-412.0816326530612
-407.52
-401.44
-395.04
-389.76
-383.94
-379.42
-372.64
-368.38
-361.48
-355.7
-349.58
-341.48
-334.18
-327.6
-321.38
-314.32
-307.04
-298.8
-291.74
-284.68
-277.66
-272.6
-264.82
-258.62
-254.44
-253.46
-245.28
-241.68
-234.28
-227.2
-219.0
-219.36
-217.08
-209.88
-205.46
-198.6
-196.46
-197.22
-191.34
-186.1
-185.96
-181.32
-176.64
-175.46
-173.48
-171.02
-167.04
-164.56
-159.6
-157.88
-156.44
-155.84
-154.3
-151.38
-149.42
-146.14
-144.62
-140.48
-139.98
-138.84
-137.4
-137.4
-137.08
-135.66
-133.44
-132.4
-131.58
-131.36
-130.54
-129.62
-129.28
-126.12
-126.32
-125.82
-123.24
-121.68
-121.8
-122.12
-121.48
-120.22
-120.12
-119.02
-500.0
-500.0
-500.0
-500.0
-500.0
-500.0
-500.0
-470.875
-474.1111111111111
-476.7
-465.6363636363636
-453.0833333333333
-455.84615384615387
-440.14285714285717
-444.1333333333333
-437.875
-432.52941176470586
-433.6111111111111
-422.42105263157896
-418.5
-422.3809523809524
-425.90909090909093
-420.8695652173913
-413.7916666666667
-406.64
-394.7692307692308
-386.85185185185185
-386.17857142857144
-382.13793103448273
-376.2
-371.51612903225805
-369.90625
-369.1212121212121
-366.2647058823529
-360.6857142857143
-357.75
-354.43243243243245
-348.60526315789474
-343.2564102564103
-338.825
-336.2439024390244
-331.7142857142857
-329.09302325581393
-324.8863636363636
-323.68888888888887
-319.5
-318.63829787234044
-316.1458333333333
-316.3265306122449
-313.8
-307.56
-301.0
-293.28
-286.46
-278.66
-272.52
-268.38
-268.44
-261.66
-253.76
-250.74
-248.98
-241.12
-239.62
-231.88
-227.12
-222.62
-215.32
-213.42
-209.16
-202.16
-194.3
-190.5
-189.46
-194.76
-195.32
-195.22
-189.76
-188.28
-189.5
-187.58
-184.98
-182.34
-180.02
-178.94
-176.08
-173.12
-173.4
-172.76
-175.24
-172.34
-170.98
-168.06
-168.36
-164.24
-163.5
-160.16
-159.3
-157.26
-155.28
-154.88
-154.1
-155.04
-154.32
-154.16
-152.22
-148.46
-144.8
-145.36
-145.34
-144.38
-143.04
-142.68
-141.46
-141.48
-142.74
-142.5
-142.68
-143.34
-144.86
-146.48
-146.38
-146.0
-144.9
-136.22
-135.52
-134.9
-135.58
-133.52
-130.88
-130.22
-128.5
-125.7
-124.18
-124.3
-124.02
-125.08
-124.58
-123.88
-120.28
-120.62
-121.08
-122.28
-121.5
-122.08
-122.46
-121.8
-120.16
-117.62
-500.0
-500.0
-500.0
-500.0
-500.0
-500.0
-500.0
-498.25
-498.44444444444446
-498.6
-498.72727272727275
-485.0
-476.61538461538464
-457.5
-454.4
-448.625
-432.70588235294116
-425.44444444444446
-418.89473684210526
-419.4
-423.23809523809524
-417.72727272727275
-418.3478260869565
-417.0
-413.92
-417.2307692307692
-417.81481481481484
-416.60714285714283
-418.86206896551727
-419.96666666666664
-422.2903225806452
-415.34375
-417.90909090909093
-414.5882352941176
-410.37142857142857
-408.0
-405.5945945945946
-402.13157894736844
-398.9230769230769
-395.675
-394.0243902439024
-389.9761904761905
-392.5348837209302
-391.59090909090907
-387.9555555555556
-385.7391304347826
-381.82978723404256
-381.125
-379.57142857142856
-375.7
-371.48
-364.96
-362.32
-357.4
-351.84
-347.64
-340.12
-335.18
-329.44
-322.96
-316.0
-312.24
-308.1
-309.62
-306.52
-303.24
-304.64
-302.88
-302.42
-296.56
-288.74
-286.58
-285.62
-281.7
-282.02
-276.6
-273.38
-271.06
-265.78
-260.04
-255.36
-254.38
-246.52
-244.78
-245.12
-242.0
-240.94
-238.12
-237.0
-234.92
-231.78
-230.56
-224.32
-219.96
-220.44
-217.96
-216.4
-214.1
-218.0
-218.06
-215.18
-215.16
-210.2
-207.56
-206.84
-204.74
-205.56
-206.04
-204.54
-204.86
-205.64
-205.42
-204.76
-204.18
-202.02
-201.86
-200.06
-198.68
-200.12
-203.26
-205.5
-204.22
-198.84
-197.44
-193.34
-190.96
-189.02
-186.54
-185.0
-184.56
-182.18
-181.46
-189.32
-189.28
-187.4
-186.0
-183.88
-183.18
-181.34
-180.04
-178.94
-180.2
-178.7
-179.62
-177.28
-176.34
-176.66
-176.22
-168.72
-167.12
-166.68
-166.12
-166.96
-168.14
-168.5
-167.8
-168.22
-165.28
-166.2
-165.02
-163.42
-162.44
-164.76
-162.18
-163.76
-163.08
-164.32
-163.86
-159.66
-156.94
-155.08
-155.34
-155.88
-155.34
-154.24
-153.96
-153.38
-154.54
-154.2
-152.96
-154.14
-153.76
-146.28
-145.96
-144.36
-144.42
-143.7
-144.66
-143.78
-143.94
-143.86
-141.58
-141.76
-140.48
-140.12
-141.48
-141.2
-139.26
-138.88
-138.9
-138.98
-138.28
-137.24
-136.7
-134.58
-133.78
-131.8
-131.56
-131.3
-130.08
-130.36
-130.3
-127.1
-126.64
-124.0
-123.0
-120.92
-120.24
-120.62
-120.42
-119.84
-500.0
-500.0
-500.0
-500.0
-500.0
-500.0
-500.0
-500.0
-500.0
-500.0
-500.0
-500.0
-498.7692307692308
-498.85714285714283
-498.93333333333334
-499.0
-499.05882352941177
-499.1111111111111
-499.1578947368421
-499.2
-499.23809523809524
-499.27272727272725
-499.30434782608694
-499.3333333333333
-497.08
-492.3076923076923
-492.5925925925926
-492.85714285714283
-492.58620689655174
-492.4
-484.3225806451613
-482.75
-477.72727272727275
-469.29411764705884
-470.1714285714286
-466.3333333333333
-467.2432432432432
-462.6578947368421
-459.3076923076923
-457.725
-454.609756097561
-449.7857142857143
-445.72093023255815
-441.70454545454544
-438.46666666666664
-439.80434782608694
-439.0425531914894
-438.2291666666667
-439.48979591836735
-433.52
-427.62
-424.32
-424.32
-418.72
-415.22
-413.12
-407.14
-403.62
-400.9
-394.58
-393.06
-390.56
-389.94
-389.46
-384.58
-377.56
-371.88
-367.64
-363.72
-357.78
-351.84
-344.4
-339.22
-333.98
-330.14
-325.9
-321.54
-316.72
-311.32
-306.46
-306.34
-299.52
-295.86
-296.52
-289.22
-289.96
-285.48
-284.78
-280.54
-277.32
-274.48
-272.68
-272.9
-271.2
-270.76
-265.12
-260.64
-256.26
-249.2
-250.32
-251.96
-249.54
-243.06
-242.12
-239.88
-235.36
-233.66
-230.66
-226.26
-224.76
-218.68
-213.78
-207.82
-201.1
-199.34
-199.14
-197.32
-194.42
-190.08
-190.48
-189.26
-189.78
-188.1
-187.7
-185.66
-185.96
-182.7
-179.94
-178.42
-176.5
-174.52
-179.9
-180.56
-179.08
-180.5
-176.7
-174.68
-173.64
-173.56
-172.22
-170.84
-170.88
-167.26
-165.76
-162.74
-161.28
-160.42
-159.24
-158.86
-156.68
-153.64
-152.86
-151.38
-149.38
-146.54
-144.72
-144.74
-143.56
-142.84
-143.08
-143.4
-145.44
-144.38
-143.58
-141.9
-140.96
-140.62
-140.08
-140.34
-138.14
-137.02
-136.54
-135.94
-134.42
-133.24
-132.52
-131.94
-131.68
-131.0
-130.04
-130.9
-126.66
-125.9
-124.98
-122.56
-121.6
-120.18
-118.28
-500.0
-500.0
-473.6666666666667
-441.75
-424.6
-415.3333333333333
-404.7142857142857
-398.625
-397.3333333333333
-388.1
-398.27272727272725
-392.25
-377.38461538461536
-386.14285714285717
-378.26666666666665
-370.0625
-367.3529411764706
-360.77777777777777
-351.7368421052632
-346.45
-343.42857142857144
-337.1363636363636
-344.2173913043478
-337.125
-336.24
-330.61538461538464
-325.3333333333333
-324.7142857142857
-319.86206896551727
-320.3666666666667
-316.3225806451613
-315.3125
-311.3636363636364
-307.38235294117646
-305.4
-301.3333333333333
-299.1081081081081
-297.86842105263156
-296.7692307692308
-292.025
-289.390243902439
-285.9761904761905
-282.9767441860465
-283.27272727272725
-280.75555555555553
-280.19565217391306
-277.59574468085106
-274.9583333333333
-274.3469387755102
-270.86
-266.42
-260.12
-256.6
-254.12
-250.68
-245.5
-244.26
-241.4
-235.9
-232.84
-225.14
-225.4
-227.46
-220.16
-216.92
-214.28
-211.86
-208.68
-208.26
-207.14
-207.58
-205.64
-199.8
-200.36
-200.28
-198.3
-197.92
-195.5
-195.0
-191.82
-190.82
-187.18
-186.78
-185.02
-183.46
-183.1
-181.32
-179.06
-177.82
-178.28
-177.96
-177.48
-177.42
-179.3
-178.24
-176.46
-175.42
-175.66
-172.9
-174.82
-172.14
-171.86
-169.72
-171.02
-171.34
-173.2
-170.52
-169.2
-169.36
-169.32
-173.86
-168.9
-164.84
-165.62
-165.14
-167.54
-166.94
-169.78
-168.54
-166.84
-163.9
-163.2
-161.1
-159.28
-155.28
-156.56
-155.42
-154.4
-153.78
-152.78
-153.24
-153.46
-152.4
-152.34
-151.48
-151.48
-500.0
-500.0
-500.0
-500.0
-500.0
-500.0
-500.0
-436.0
-457.3333333333333
-468.0
-474.4
-478.6666666666667
-481.7142857142857
-484.0
-485.77777777777777
-487.2
-487.8181818181818
-479.0833333333333
-471.53846153846155
-460.85714285714283
-450.06666666666666
-439.6875
-429.29411764705884
-428.0
-431.7894736842105
-425.55
-420.42857142857144
-416.3636363636364
-411.0
-406.3333333333333
-407.28
-408.2692307692308
-401.55555555555554
-398.14285714285717
-392.58620689655174
-387.96666666666664
-382.51612903225805
-380.375
-384.0
-381.5
-377.9714285714286
-378.22222222222223
-374.2162162162162
-369.86842105263156
-372.79487179487177
-373.0
-368.5853658536585
-367.07142857142856
-363.6744186046512
-366.77272727272725
-363.1777777777778
-361.6521739130435
-359.531914893617
-355.9375
-357.6734693877551
-354.18
-350.22
-347.32
-341.88
-335.56
-330.7
-323.8
-320.72
-316.14
-309.5
-302.9
-298.26
-295.42
-292.7
-290.8
-288.82
-288.38
-286.6
-282.1
-275.54
-271.78
-269.24
-266.16
-266.44
-264.74
-261.22
-255.78
-254.46
-252.22
-250.76
-248.9
-248.16
-245.24
-237.84
-235.2
-234.5
-229.92
-228.36
-226.84
-220.5
-215.24
-213.62
-214.52
-215.34
-208.6
-207.32
-204.64
-207.04
-206.24
-200.96
-207.3
-203.96
-207.18
-205.32
-204.76
-201.18
-200.22
-197.02
-194.08
-194.16
-193.28
-191.1
-189.42
-188.02
-187.88
-186.58
-184.48
-184.16
-183.04
-182.44
-183.72
-182.1
-181.22
-180.02
-182.26
-179.58
-179.04
-178.26
-176.56
-176.66
-176.06
-175.08
-174.54
-174.52
-175.1
-172.22
-170.84
-170.44
-170.54
-169.38
-169.5
-169.96
-165.66
-162.6
-163.16
-163.58
-162.62
-162.2
-161.92
-160.8
-153.0
-154.44
-151.98
-152.56
-151.92
-153.6
-154.32
-153.08
-152.36
-152.46
-152.54
-152.22
-151.4
-150.42
-148.3
-149.22
-148.16
-148.1
-148.08
-147.86
-147.78
-147.82
-148.18
-145.86
-141.44
-141.4
-140.72
-140.82
-140.5
-139.8
-138.8
-138.4
-138.34
-137.44
-135.36
-136.76
-137.2
-136.74
-136.1
-135.72
-135.78
-135.8
-135.66
-135.64
-134.06
-134.18
-133.92
-128.82
-128.3
-127.7
-127.54
-125.5
-122.34
-121.7
-121.24
-120.52
-119.9
-283.0
-391.5
-427.6666666666667
-445.75
-456.6
-463.8333333333333
-442.57142857142856
-427.75
-425.55555555555554
-426.2
-431.27272727272725
-437.0
-414.53846153846155
-397.5
-388.8666666666667
-390.25
-387.94117647058823
-381.94444444444446
-380.89473684210526
-368.25
-366.95238095238096
-359.3181818181818
-350.2608695652174
-352.4583333333333
-347.76
-343.7307692307692
-344.3333333333333
-343.2857142857143
-342.17241379310343
-337.06666666666666
-332.06451612903226
-326.71875
-321.8181818181818
-317.6764705882353
-313.14285714285717
-313.69444444444446
-312.2432432432432
-311.36842105263156
-311.2564102564103
-306.75
-306.4390243902439
-301.76190476190476
-299.30232558139534
-294.79545454545456
-290.6666666666667
-289.30434782608694
-286.21276595744683
-283.7916666666667
-282.7959183673469
-281.32
-279.52
-271.86
-264.28
-258.4
-252.34
-244.74
-243.72
-241.04
-236.26
-235.68
-230.08
-223.74
-224.04
-224.46
-221.9
-217.2
-212.08
-209.12
-205.24
-205.76
-201.08
-199.78
-199.9
-194.8
-193.36
-190.54
-186.62
-182.48
-180.68
-180.62
-179.68
-179.18
-177.52
-175.82
-174.38
-169.8
-166.68
-163.44
-163.32
-164.42
-160.7
-160.68
-159.26
-158.94
-159.2
-157.64
-156.44
-156.2
-153.54
-151.1
-149.46
-149.02
-150.06
-148.38
-146.16
-146.46
-143.74
-142.36
-141.02
-135.42
-133.14
-133.28
-132.1
-131.38
-130.5
-129.66
-129.98
-129.78
-128.56
-128.18
-128.76
-128.28
-128.44
-127.14
-125.96
-126.68
-125.06
-125.08
-122.92
-121.68
-121.28
-121.22
-121.58
-121.76
-121.84
-121.88
-121.6
-121.98
-118.66
10.0
10.0
10.0
10.0
9.0
9.333333333333334
9.25
9.2
9.5
10.857142857142858
10.625
10.444444444444445
10.4
10.363636363636363
10.25
10.153846153846153
10.142857142857142
10.466666666666667
10.375
10.352941176470589
10.333333333333334
10.842105263157896
11.1
11.142857142857142
11.045454545454545
10.91304347826087
10.833333333333334
10.76
10.846153846153847
10.814814814814815
10.75
10.724137931034482
10.7
10.612903225806452
10.875
11.0
11.323529411764707
11.257142857142858
11.194444444444445
11.324324324324325
11.31578947368421
11.282051282051283
11.25
11.24390243902439
11.238095238095237
11.186046511627907
11.159090909090908
11.155555555555555
11.152173913043478
11.170212765957446
11.416666666666666
11.36734693877551
11.3
11.28
11.32
11.3
11.3
11.48
11.44
11.24
11.24
11.26
11.24
11.28
11.36
11.36
11.36
11.28
11.72
11.72
11.78
11.6
11.46
11.44
11.46
11.62
11.68
11.98
11.9
11.94
12.08
12.08
12.66
12.72
12.56
12.52
12.28
12.36
12.42
12.4
12.78
12.76
12.74
12.7
12.66
12.64
12.7
13.06
13.24
13.38
13.24
13.66
13.68
13.68
13.8
13.84
13.84
13.72
13.82
14.14
14.16
14.16
14.18
14.42
14.42
14.5
14.52
14.5
14.08
14.08
14.02
14.0
14.46
14.56
14.52
14.4
14.38
14.84
14.88
14.82
14.76
15.56
15.56
16.34
16.52
16.54
17.26
17.8
18.0
18.24
18.32
20.06
22.26
23.12
23.96
24.38
25.14
25.8
26.12
26.54
27.06
27.06
28.02
28.84
29.84
30.42
31.62
32.76
33.48
34.2
36.34
38.72
40.56
42.58
44.36
46.14
49.92
53.72
57.52
60.18
63.98
67.78
71.14
74.82
77.18
80.98
84.76
87.82
91.6
95.42
99.16
102.08
105.3
108.3
111.9
115.62
118.68
121.88
125.44
128.9
132.22
134.3
135.92
138.76
141.74
145.16
148.14
150.9
153.5
155.34
158.5
161.9
162.34
165.34
168.02
170.66
172.22
174.84
177.24
177.32
176.0
174.96
176.92
178.42
178.66
179.3
179.18
179.18
177.44
176.68
174.28
173.46
173.46
173.46
173.52
173.42
171.64
169.68
169.68
169.68
167.4
167.48
166.86
166.86
165.8
165.8
165.82
165.2
163.08
161.04
160.64
160.64
158.68
158.8
158.8
158.8
158.8
158.58
159.26
159.4
16.0
13.0
16.333333333333332
14.5
13.8
13.0
12.571428571428571
12.125
12.0
11.8
11.454545454545455
11.166666666666666
11.0
10.857142857142858
10.933333333333334
11.0
10.823529411764707
10.777777777777779
10.736842105263158
10.7
10.55
10.6
9.95
9.95
9.9
10.0
9.9
9.95
9.95
10.0
10.15
10.25
10.3
10.4
10.9
10.8
10.95
10.9
11.0
11.0
11.5
11.45
11.4
12.05
12.15
12.1
12.4
12.35
12.4
12.25
12.15
12.15
12.15
12.1
11.65
11.65
11.6
11.6
11.6
11.55
10.8
10.8
10.8
10.15
10.0
10.0
9.8
9.75
9.65
9.7
9.8
9.75
9.75
9.7
9.45
9.45
9.4
9.4
9.25
9.35
9.5
9.5
9.75
9.8
10.1
10.9
10.85
10.95
10.95
11.15
11.1
11.05
11.1
11.15
11.2
11.2
11.65
11.85
12.1
12.1
12.1
12.25
12.1
13.5
13.15
12.65
13.35
13.6
13.8
13.8
15.85
16.65
17.7
17.8
18.1
18.2
17.7
17.6
17.9
17.95
18.65
18.45
19.25
19.95
22.2
22.05
22.4
23.3
24.7
26.0
25.05
25.45
26.3
29.45
31.4
32.45
33.9
39.8
40.0
45.15
47.8
50.4
51.85
50.6
51.95
56.5
58.0
60.25
62.35
63.4
65.55
68.85
72.7
71.95
75.65
78.0
77.55
74.25
79.8
78.5
81.95
84.7
88.65
92.8
96.4
95.8
102.2
108.3
113.8
120.8
125.2
126.55
127.4
132.3
135.05
138.15
145.25
152.1
153.55
159.1
161.75
162.95
160.2
162.4
158.45
163.85
164.45
164.45
160.9
155.3
156.2
159.95
161.75
157.55
157.05
159.3
160.8
156.5
158.3
158.3
158.3
161.2
166.45
168.75
175.1
175.1
175.1
174.5
178.35
179.3
180.25
180.25
181.3
183.1
184.45
183.35
181.85
186.15
185.4
184.95
184.95
185.05
182.2
180.8
177.4
176.65
175.5
171.4
171.4
174.2
169.9
169.9
168.45
170.2
166.5
163.85
163.7
160.9
161.35
157.45
154.05
150.9
151.65
145.25
146.0
139.3
133.6
132.15
126.95
121.7
123.2
119.75
119.55
118.7
119.95
119.9
121.55
