-369.53455444830814
-760.6142120267673
-545.8539300591524
-446.2748296755224
-465.26550537969814
-496.15776958177065
-539.307356675715
-625.3194345365996
-630.3334631501609
-622.1232823436185
-668.4907765427673
-652.4164663478128
-612.1725508468552
-577.5488099046455
-551.5723557885332
-526.0033703092597
-503.4931726260069
-484.063984222407
-467.8293880610119
-451.7813896676189
-436.1714815410262
-421.7893173548387
-410.1571774531434
-398.341289335818
-386.4524221372809
-382.60243293652945
-379.06431015120376
-376.30561102747544
-374.64562956458275
-373.63185902090805
-366.8248042739612
-364.53178534007037
-355.25652024317225
-348.5433097876223
-342.7423449843327
-336.90295166976045
-329.3316409094297
-330.3572086799911
-323.6403384132613
-319.0230014713764
