-464.9387097303142
-436.6966060493254
-565.0620623565716
-608.481760474773
-991.6277084908804
-902.7469764132032
-851.6082919196887
-881.3583773361664
-856.0853818594862
-886.5759545960522
-862.8468110536534
-886.5536142070088
-895.3969841355544
-890.6657098905997
-888.7186254182905
-883.1657381548827
-852.1149586566313
-819.8434335509687
-798.1852861744557
-774.171057182582
-754.8296626664362
-731.117165338493
-721.9065160251587
-705.3563376889903
-692.0616832045436
-678.2321713900435
-654.6672146668387
-633.733958872279
-612.9771536355498
-601.5276787903374
-583.6645214996187
-571.0774110741411
-555.8990368255987
-540.5747873632396
-530.0393144569915
-518.7107033274424
-507.8292140326505
-495.83551040368155
-486.4126540853636
-474.7268954405046
-467.32202111156994
-458.86089057682875
-450.01428370547836
-442.43214221835314
-431.420724143719
-423.40923387393576
-411.3389736070813
-405.3404739559819
-394.39010324065
-382.7456919800326
-376.8312131498763
-370.2701596480096
-364.0580634708638
-360.12962919469595
-354.22949715571855
-348.19770684520165
-343.1868621895762
-338.00328512700537
-334.29220615312545
-325.418383410506
-316.74815378407817
-312.6472453483773
-308.2918906009204
-303.6816275745904
-299.2721553669102
-297.4125186697543
-290.6200269832674
-284.0587264784807
-280.35509182131756
-278.2619679145335
-271.3619644005106
-268.9928666352578
-269.47574275203567
-266.43241421456355
-263.56828788956796
-260.2096879452592
-256.8573387141809
-253.63345684172353
-251.17867249624254
-248.3117046571736
-245.71652923591196
-244.32616984945176
-241.79620958549566
-239.62875471800479
-236.65392049918745
-234.15968365234124
-231.57681357270786
-229.553064890546
-227.3005595879868
-224.69318729628893
-222.28383500035864
-221.2088059090909
-219.78395016355196
-222.62183527168565
-219.43160718785924
-217.39485983292101
-215.59721466823999
-214.09124305546808
-212.52007129949055
-210.62037391020309
-210.17652604339295
-207.50057879705633
-200.81382886829587
-193.83458416831695
-170.0705516127987
-165.86847668413458
-162.25456115053817
-152.55079352614644
-147.42290226094784
-135.2736009304626
-130.63903245747287
-120.38377362416031
-108.92621354863773
-100.77626772294862
-93.14863623792772
-87.58375782073048
-84.62302769269176
-83.09634927325096
-80.10549324581527
-75.50102244007275
-76.09117396014949
-74.16664188442421
-71.08347452124926
-67.3162738402303
-64.7982849881349
-62.261774052983746
-63.28519403434127
-60.762385934200964
-62.645732824723574
-58.29566635889516
-59.82057151516208
-59.58511360053149
-61.56556750675323
-59.21049754312231
-55.149545458362546
-54.940317793005576
-51.331283871862546
-48.24330014481607
-47.12137494980857
-45.274348887742136
-44.25666677231948
-43.43975653725994
-42.86270636511182
-42.10818973891237
-41.117757653616565
-40.25284340626377
-41.9865338214445
-38.6836927353914
-36.87149691136981
-36.70581126739509
-36.15407462050086
-34.030786722616995
-33.8623434182342
-32.2404916236669
-29.859184722801036
-27.721274978152042
-24.93024871668706
-22.325345136970164
-21.31918032726197
-21.643329513209963
-21.50032974109021
-21.309586321076118
-20.97341206533286
-19.22432185329659
-19.202272263872484
-14.95122960758401
-14.346290425587421
-13.708011037454584
-14.1284961582138
-10.969148423590802
-10.857908921980162
-7.283811058585038
-6.075056267304612
-3.0338086971986002
-3.8986203947861475
-0.9924152268536284
1.0390563971466888
0.1320328290446497
-0.4231070521211842
2.393476891473588
4.854866675789279
8.904296271336044
11.892549553269742
14.548812936356002
13.501814567554925
12.885362651777031
12.704448179289514
15.897807168469408
15.31156626129276
18.194222463096096
16.666048071741884
20.381171427851488
20.608234567197787
27.03341143046197
26.2977856193292
29.498493097669893
32.85127996264589
35.88260918274232
39.3379272908044
41.933448982367665
48.88261163192287
51.96022352705595
53.8671457623273
56.62751873868088
57.25818146817709
56.74107808980837
58.73840865383525
62.922991587170856
67.06978233938457
65.9305431454535
66.9221605997192
70.41206102061821
68.36130198799798
70.93551151008883
74.8253453742702
79.895760197979
79.36056413261832
80.09198299726668
83.41795146235727
84.82780845255294
91.21394702307387
91.03002457428997
96.1902717185361
95.3567049558034
96.28311368288558
96.6363692736807
100.25791451901358
101.25209250627177
102.72805131204188
103.30257004470573
107.0175726686894
107.06715803152818
112.03963795682246
109.1353258469629
106.5162806221092
107.76604860942469
106.1451659895793
105.09769328805741
104.75052234826659
102.08814250240212
103.28353597744255
106.30599998393022
107.07619935045089
109.74609285613178
110.94948341883354
112.70024218504639
115.33779245583575
113.87173616226175
112.96429095694486
113.9233131464222
113.79322499565758
114.41052825249967
116.78591306535589
119.2481797028817
119.42632108410369
120.26952318081418
120.66450143994126
121.03362039833284
121.12443100597892
119.51355848606177
119.72556281335235
122.69056974378644
124.98303344174137
123.14755388839545
124.88313772092151
124.97601688874421
125.73852073719212
126.36620195550131
129.41079506506344
130.32188445757504
130.62498409392495
130.2485443152968
131.8314932379043
131.8144362219257
134.8628298639308
135.11867647874632
133.01520367882515
135.95795880839856
138.45942076679086
135.71735402955198
135.1234703070856
134.93192203593014
134.6288980831966
134.20107369803046
135.19502201628774
138.63069289570183
141.68674066363803
