-516.0790242503047
-686.8897160474962
-525.4918190149054
-444.9158923997598
-413.85786064262027
-408.7124731620945
-386.19530144733017
-357.5590854983372
-371.0518883106263
-382.3061681613608
-391.6622497607752
-403.37974993028615
-388.9517267962581
-370.65956634786386
-352.88593903954626
-348.17122223103655
-332.31805673622097
-320.7104411623937
-332.81343533590245
-328.9732072940912
-326.5207677351785
-317.06604855980294
-322.56558427556314
-318.8498413176954
-318.0625739419705
-320.03406665761366
-321.49097649845464
-310.9226420058134
-301.65345059973333
-292.110510459169
-293.4429941457586
-299.42073171341605
-291.0570892263224
-287.1952411291532
-287.6527963369763
-284.7079688689279
-280.91497119835384
-273.6873553762174
-268.8533028279904
-262.7123664535534
-266.0768354842948
-253.90663817303198
-250.0677577860469
-240.97342838642672
-240.10398263930065
-239.27755286451975
-236.69132760929517
-236.79960462694763
-231.31008605430543
-229.59605772078686
-226.60261305580963
-226.66874647675286
-223.256949056144
-220.39618108521086
-214.31624279499684
-209.97535424775762
-205.96519815989802
-205.70110590965615
-204.43775715710356
-201.3197283585473
-198.8284820245647
-196.62805807666152
-190.69516148788838
-189.07339420328327
-187.5075384748604
-185.94231658733688
-184.24496898097436
-184.19543332581884
-182.94151960315622
-181.7247943076407
-180.32409294954505
-179.0579843474539
-177.36955632733395
-175.683027435147
-173.34613755495062
-169.46431700145115
-164.7512542660314
-162.6069461050937
-160.6086974078949
-158.132433593434
-154.03604043110113
-153.34393480958244
-152.18146602902837
-150.59132799205926
-146.52293604949145
-141.35483648621465
-140.9915367119998
-139.23889440745518
-138.91062004995115
-137.95995833308695
-136.8274854192595
-136.09609330590607
-135.7204983441329
-134.35109349597926
-133.32484218572168
-132.1086684376763
-130.86977819815579
-129.8819684902329
-128.78243166347252
-127.5491586580159
-123.09328853057009
-115.04312218711361
-113.86570744505478
-112.65915930497493
-107.49556678138373
-104.39740782352392
-102.84508907341045
-104.45887298463032
-97.93461832369343
-92.82082538188588
-88.51792934651705
-83.8281503636779
-81.9306349194651
-81.67645406586772
-79.05717466119617
-76.92310550774741
-76.27579842076153
-74.95261335375028
-66.96120763773214
-64.24700921605996
-61.722605199062826
-62.673535252669346
-56.60877592772952
-51.45808710825813
-46.92892321712722
-42.95616003751043
-39.54297777689468
-39.11726080934937
-39.247770142443116
-39.705711258712824
-36.47165090237107
-31.95149349999765
-31.69892159141499
-28.184758689909483
-25.905312948662075
-24.908150905950222
-23.625224103765596
-24.510437399274423
-24.10861090922267
-24.5225430833283
-21.114628891048074
-25.331866732901343
-22.35282098479982
-24.279933427661327
-22.712166015181573
-20.94467149403455
-19.890666786676448
-17.50126579889529
-17.996236857888142
-16.94680388340613
-16.85791626301562
-14.977491677146785
-17.20859687334747
-16.553750352774554
-15.462153145040226
-17.245704508611063
-18.482919604710062
-16.585805917314755
-14.825814726899184
-14.60186177067726
-15.328886553691513
-12.594904976423054
-14.209829642586472
-12.545792513532074
-12.62090811154925
-12.131168652878776
-8.955251790133484
-7.6230493912987916
-7.436032374619076
-6.2627967947476755
-6.216671440901917
-3.1325943979799695
-2.102110948390893
-1.4591389778436352
-1.811743242589919
-0.7606934783940644
-0.37886335906315766
-1.042960209579911
-1.1235663168736973
-1.9016356426902994
-1.9011644767283205
1.932113931369784
4.380119898734545
2.1482224698932137
-0.029517104570268914
-0.18121752380627015
0.9949030489328713
1.014333043845965
3.9579955215101084
3.958117954736224
3.3939705486047647
3.5682588948540346
4.092768490485171
3.0440477805734063
3.1615290352569203
2.8654245969817578
5.524022795578401
2.914551575256088
2.415688398769139
1.1912926441851548
4.244557924195201
4.538745600194784
7.638142718796421
11.445136056166016
9.230756740932888
9.955028429301764
10.913977352292973
15.973231577476783
16.38018726924076
13.423872575573997
13.700815204244261
13.338023482146955
13.092827104965451
14.326400818192148
14.82791884432816
14.619781906187335
12.13296655777345
11.814466221214627
9.212627485941335
8.920090441858388
9.39934922947871
13.893149957116368
11.522590543607302
10.851069518512672
9.004003034743773
8.254443962153584
7.909169598945465
6.5203517956424575
6.471363342239246
6.833797563050475
7.16308725081354
7.263654089671255
5.961925862285498
4.186937132142028
4.226117503157031
4.607877820754499
2.891421976976771
3.6358940091683833
3.147973120114863
3.7230134427319372
4.042452774615652
3.4161426836123048
3.3500383322960614
3.323224034237804
-0.06728568666862372
2.1153095158994324
0.8744832910897645
-1.9285796040267116
-4.046234178217856
-1.2429406157371061
-1.0024862600538567
1.4609376982519353
5.914983322925363
5.573035421488948
3.310028744541421
3.1761227887943027
3.6403602557773063
0.6743201275804819
-0.6378555163291126
-1.612350298027706
-2.7657390039103795
-6.179688439952099
-5.948046734712178
-7.182340149068183
-6.154378360371737
-8.089326344588644
-11.902350835062864
-12.453800028495355
-9.546510513392485
-7.523649259763444
-8.023959980345323
-10.078215022641691
-11.575999098294114
-8.721482850235663
-5.674610084654639
-7.611027088422237
-9.720659090966386
-6.254977417398711
-6.3646725689753865
-6.391584493232818
-5.146337877853998
-8.03492669079718
-7.914313009650886
-5.475570177056524
-2.3215443133651656
-5.241752713572766
-2.7952958451230625
-4.147903276439506
-6.783011902127604
-3.586514951369062
-4.202518982060083
-5.009037391073422
-7.066142523376548
-6.150515255683943
-2.8560004875829246
-2.455898675060671
-5.521659121434479
-0.058938791544553906
-0.08274506702502137
-0.48718089580615287
-4.095969591532737
-1.1351498492735466
-4.338430058106997
-8.24525502199623
-8.280415964307567
-5.4873891062873215
-3.3451409142825765
-6.632013360093766
-6.832033301368617
-4.251155585143516
-4.231790699447441
-3.0452621977662373
-2.8752010014514644
-1.4608349944499814
-4.561825973173491
-4.134354634981803
-1.7362986765195227
0.3351967379341528
1.078619944265255
0.7100489234372618
2.999487316142536
2.1938374984545543
3.056548280912856
1.296067096920457
3.884989022665879
3.918346435162287
6.712941756581509
10.184736815439377
13.444357109386528
13.886345523570169
13.46663407601083
13.80707571038999
15.394683032490256
15.208965710511157
15.03068707177357
15.518614713278234
16.715987620923297
15.86790741681549
18.904471394505528
16.69812694148452
19.871994976897078
21.736606059931578
19.41124780660557
19.258459598142988
23.607390496747954
24.417298472997448
25.028000644565115
26.660925115958566
27.60879100200433
26.86488096629103
30.170949277714413
30.331035203922937
31.183677846921295
33.78550560037185
32.525336655178215
36.795592252670176
36.53484756290751
39.69372759022111
40.706806917965594
41.58169203301911
44.500483588451736
47.17213570689126
49.239202201623186
49.59430517937084
51.37869612132184
53.43161156389443
55.08716386443338
55.795796692041414
56.32130253872251
54.734662288049265
58.10805768896893
57.12072119873485
60.4982571153453
58.93400583720771
58.471247198297846
57.74832792999214
60.145754398475574
57.07583966631083
57.08960647271784
57.81371884859291
52.911225576059685
55.63664747024648
52.22798661820298
54.715201733949264
51.685936956510275
51.719360490793264
48.8457070657713
50.42935783889412
53.96541922413449
51.53643574454337
55.95290748586659
59.57057251577553
64.9064641051831
64.83902711341075
61.27231170768037
63.90577616941323
64.5238724791
62.2349768508332
63.30293506192968
65.03293011299529
65.87872279967603
65.52539272723338
68.75559952897676
67.51370476176892
70.15367980950462
69.14206253090218
65.004776371421
69.10191176367977
70.15136899222708
70.5789654297925
70.46108532456012
69.40541774310803
71.94648134661205
72.98912527251419
76.21987700544909
77.30277122547997
77.5784134737935
76.11580854305396
75.48773040474383
74.00658057470953
69.53152444191095
67.18566543802962
69.14791710248214
71.14500678714016
71.22737340811918
71.16281693510032
68.40888506611162
66.11769729692091
63.096423405373464
60.844706455601674
60.786861986738224
62.74273389812656
64.64012014180271
63.729569750887514
66.50269250753965
66.84693229329442
66.90424877881102
70.11407603413173
70.81573642942988
75.31543859179753
71.95305657830092
75.01057839899511
75.04914864666108
77.66677797973902
76.97498558251117
74.13620040528461
74.14897997510874
77.7577453519188
81.74743938822857
80.47624212335687
79.82110375469412
78.88618673437784
74.40090919676331
71.31958230024784
72.05574812068593
70.71520338944015
70.97386231358806
69.11896374361784
71.15807955703944
71.31309481866904
72.9451810904472
71.18275208510336
65.5937422113425
68.20906543256955
65.43812643551267
68.1164282816484
68.05785034175979
69.96310515700266
66.9216972236354
66.78565056668363
65.06483273491362
65.17728928929888
61.311550254833364
59.37415929921103
57.62412494321686
58.22871673313204
55.74136754493482
56.27006444868432
55.68865342818215
54.96134728101695
57.07697670038967
53.791683375024604
53.861617246327995
51.32588440794404
51.20952305804151
50.142681902634216
50.28260244477288
49.42685126645015
49.098802921684246
48.66648653751392
45.15460900931026
41.93269590851365
39.11485531371478
38.71193519730347
41.82619512695835
38.562436689417744
40.65828396330151
38.15578304305399
38.47460572255975
38.669081999918866
38.77634653560383
33.7078416231434
30.31226642461559
30.227904038121068
27.79378547423869
24.241160917602823
25.232789151357927
22.53924275562023
19.62920723024047
19.141789102184777
20.882412831927457
21.532549338400337
21.10659469293889
